regionID	logFC	logCPM	F	PValue	FDR	V1	V2	V3	V4	DMSO1	DMSO2	DMSO3	PDsiNanog1	PDsiNanog2	PDsiNanog3	t2i1	t2i2	t2i3
243	-2.13508305902477	8.45246834435835	230.586569085401	1.30300550245534e-09	2.89825652474709e-07	chr10	70244180	70246460	chr10:70244180-70246460	2814.728668	3136.035721	2997.72976	934.133552	1063.688694	1307.564396	547.743874	662.543741	561.192521
1670	-1.1325035837387	8.74965574997227	185.265169342745	4.95073176690963e-09	6.42357446756524e-07	chr2	117341580	117343680	chr2:117341580-117343680	2727.341743	2893.985064	2630.152057	1803.594256	1836.999673	1660.110841	1115.817259	1085.823518	1068.650744
411	-1.71413644896419	8.15974508715506	134.952819289704	3.31204024743517e-08	2.34402121148026e-06	chr11	69802060	69804940	chr11:69802060-69804940	2492.849601	2481.778299	2381.952296	641.28601	778.076017	762.828481	728.760798	516.81023	705.397563
734	-1.81528407234634	7.82459813433725	116.853417125895	7.73765697239446e-08	4.80835178014581e-06	chr13	37777460	37779080	chr13:37777460-37779080	1779.511398	1880.255785	1728.854924	829.12991	869.449717	595.551761	417.552147	405.008814	509.925862
760	-4.03908641478896	6.41564331031632	112.512653569323	9.73919666448309e-08	5.61627007651858e-06	chr13	53285240	53286820	chr13:53285240-53286820	1240.398133	1089.986951	842.170161	91.560343	97.539775	35.590777	72.719799	36.542175	57.572213
2857	-1.27803409186833	8.47485557066712	109.973033243054	1.10275461098543e-07	6.24359610656117e-06	chr8	106135120	106137600	chr8:106135120-106137600	2511.203968	2381.808665	2254.705038	1274.215261	1356.307865	1610.085627	753.782957	833.508678	977.632081
1407	-3.37446210593387	5.84065865503822	106.502070593873	1.32871500160312e-07	7.38860449105733e-06	chr18	80973100	80974620	chr18:80973100-80974620	647.866789	607.592827	653.772147	82.8403	81.563438	104.201933	44.570199	76.999536	38.107331
1800	-2.48683998991261	5.96667978373907	87.3341291769901	4.15197970558452e-07	1.66012522509767e-05	chr3	51358000	51359640	chr3:51358000-51359640	552.262464	619.353895	619.600056	172.220672	121.083859	149.876715	93.441035	76.346979	108.564753
327	-2.28786405521408	6.44097640136146	87.3193088829696	4.15598264975376e-07	1.66012522509767e-05	chr10	128908940	128910640	chr10:128908940-128910640	691.971428	713.252954	951.881416	241.254246	237.122534	214.730976	148.567334	159.2193	113.499549
626	-1.25658220787006	8.14034625022817	85.9386502625919	4.54923618462418e-07	1.79320525049616e-05	chr12	70109980	70112900	chr12:70109980-70112900	1836.216815	1921.799175	1826.425844	1330.895478	1060.885675	1035.295414	628.282714	753.246671	650.292587
8	-1.70499728614297	7.8533353549011	81.5598407445066	6.11280937256242e-07	2.09178993254499e-05	chr1	12990400	12993530	chr1:12990400-12993530	1792.660367	1823.821425	1787.757074	690.699222	766.444418	874.445073	404.845536	629.373074	405.747481
2424	-1.91774666142384	6.76103745476614	79.3555281285866	7.13057224233764e-07	2.3271940819604e-05	chr6	90460940	90463320	chr6:90460940-90463320	936.325398	971.996467	774.274922	295.754327	320.087433	406.920946	165.769831	227.518268	222.612662
126	-1.71630115884939	6.97883544248043	74.575302515244	1.00902558270188e-06	3.11099570745905e-05	chr1	135583940	135585550	chr1:135583940-135585550	1188.075883	1106.01612	1170.629949	183.302322	245.811418	278.299977	294.397688	310.281894	313.357541
2844	-1.11651609983153	7.80648603489205	71.870806343439	1.23864985222279e-06	3.47491499083041e-05	chr8	105258360	105260640	chr8:105258360-105260640	1505.023794	1520.025124	1516.625749	784.076084	810.869745	826.891697	638.056972	581.846554	602.589671
1537	-1.12525289834358	8.29895109901064	69.33750858312	1.51011234511155e-06	4.12499109006786e-05	chr2	25179730	25182540	chr2:25179730-25182540	2022.906273	1971.973565	1837.666711	1583.594025	1267.45697	1257.540007	697.679203	903.330311	721.161503
2595	-1.21444414787281	8.07524011518916	66.5628942097483	1.88976647831926e-06	4.8590125137807e-05	chr7	81212480	81215080	chr7:81212480-81215080	1874.294026	1680.697168	1636.6783	1035.140946	1014.918656	1342.166506	727.197288	600.552751	616.02308
2969	-2.54825109700966	6.85986532083207	66.4738926482604	1.90365936634954e-06	4.8590125137807e-05	chr9	61373420	61375200	chr9:61373420-61375200	1058.776292	1283.096682	927.601502	261.601	228.153359	447.2571	121.981599	229.693451	131.593683
2028	-2.36645782817676	7.21599900543933	66.0921730061734	2.03923788295803e-06	5.11177160299465e-05	chr4	127330040	127331540	chr4:127330040-127331540	1512.693953	1550.565819	1551.248031	150.420531	203.488134	333.762197	291.661063	173.575196	314.72831
754	-1.71901384514826	6.58882193105436	60.7832577879297	3.09658223721485e-06	6.73077859165745e-05	chr13	49215100	49216980	chr13:49215100-49216980	817.161676	672.46828	700.309774	394.581581	305.79292	327.434876	182.190429	231.216035	164.217981
3026	-1.99475592951855	7.55035243266554	58.9252289280955	3.78811989707083e-06	7.7535922125695e-05	chr9	100569290	100571740	chr9:100569290-100571740	1758.417476	1688.94832	1640.839028	420.741586	578.792032	361.147367	417.161155	218.274106	477.301404
410	-1.32454342572244	7.50718333625113	56.8088503145386	4.45175148664552e-06	8.5047571346099e-05	chr11	69799900	69801400	chr11:69799900-69801400	1344.494961	1538.045815	1522.921187	394.581351	509.561322	421.552691	501.218854	431.110355	601.493018
721	-1.49091628180494	6.86226384597305	54.2665650227181	5.67863213467523e-06	0.000102215378424154	chr13	24936690	24938360	chr13:24936690-24938360	980.704063	882.745452	744.261786	423.466422	344.332214	417.894684	227.542484	254.381148	324.049639
2528	-1.74654450362279	7.44070244231903	53.395869817385	6.18568596859537e-06	0.000108826136193254	chr7	28289690	28291540	chr7:28289690-28291540	1579.946492	1370.356001	1143.876453	612.218432	707.023506	435.097036	260.970168	463.519692	332.685448
659	-1.67062069034272	6.85777851343415	50.302458501006	8.46244984893761e-06	0.000136539216733636	chr12	85745910	85748340	chr12:85745910-85748340	936.051945	889.099837	746.84714	342.261379	478.869971	477.805775	272.699117	165.092057	263.598618
2843	-1.97988579787255	5.60013401530345	48.5614048128286	1.01653424528471e-05	0.000155170962736108	chr8	105254320	105255820	chr8:105254320-105255820	424.058364	396.462374	414.115748	122.807112	119.402136	171.626618	93.831999	94.835537	83.342628
2382	-2.13917560665156	5.93047587134861	46.9457630411507	1.21087596141985e-05	0.000177861686031199	chr6	54680940	54683460	chr6:54680940-54683460	487.612423	527.920928	578.233089	141.337177	150.513956	223.628715	68.419168	125.504903	121.72412
13	-1.1345125857071	7.62091252620068	45.4991122604756	1.42209993847823e-05	0.000204074617899595	chr1	20889790	20892200	chr1:20889790-20892200	1335.592122	1391.981192	1248.979616	810.236962	705.061375	659.318377	428.890071	626.110421	518.42453
2027	-2.27775183393108	6.50405187948105	45.5033316805004	1.42142478425838e-05	0.000204074617899595	chr4	127325600	127327100	chr4:127325600-127327100	1149.450816	906.741587	826.882632	91.560348	80.722567	149.481229	182.972374	92.660405	241.803459
1500	-1.72074176248168	5.98574186652271	44.4578078810314	1.60065561200194e-05	0.00022864410898046	chr19	53139980	53141480	chr19:53139980-53141480	552.809989	474.237342	538.215513	143.880572	171.535487	216.708115	147.785348	138.77328	126.659018
1141	-2.68440520105723	5.16278265367062	44.3806855351414	1.61487989819277e-05	0.000229622648537547	chr16	23985610	23987110	chr16:23985610-23987110	404.060946	296.113809	256.293066	106.093671	92.494614	134.651749	23.458	41.54494	64.151919
546	-1.66141133957736	6.15302733547587	43.4105885641341	1.80687804713167e-05	0.000250867890693716	chr11	117782600	117784260	chr11:117782600-117784260	579.656172	478.789948	510.787741	279.040949	257.303166	254.671579	117.29	187.060955	126.658882
1956	-3.62720047380776	4.92669815233261	41.615689864889	2.23620452112994e-05	0.000291361543045967	chr4	58552520	58554020	chr4:58552520-58554020	405.430595	447.680062	255.393807	30.520104	10.090325	21.354455	44.5702	7.830456	24.673807
902	-1.61136590509267	5.74921222467096	40.8286274625722	2.46092598848666e-05	0.00031278871543459	chr14	55825900	55827460	chr14:55825900-55827460	491.173567	522.9888	449.637038	89.3803	96.698914	91.151959	136.447367	121.372133	158.460699
1501	-2.38495687860696	6.29389496525761	40.9915922675749	2.47607300193533e-05	0.00031343460683035	chr19	53141780	53143380	chr19:53141780-53143380	874.414555	796.528936	450.086596	297.207573	250.576197	135.640319	137.229234	66.776444	146.672101
566	-3.30258582918109	4.58509938685604	40.5682344592531	2.54094294252306e-05	0.000317770936667341	chr11	120189340	120190840	chr11:120189340-120190840	259.694589	303.132416	132.6429	69.760262	62.223655	64.854332	7.0374	28.711684	24.673815
2990	-1.30906562539059	7.61278874259777	40.4876787698137	2.56630328088372e-05	0.000318385195883343	chr9	69289920	69291960	chr9:69289920-69291960	1427.772876	1184.455055	1343.740348	840.393457	696.512465	779.23944	396.439931	619.693823	372.026349
2314	-1.16598462460965	7.30417419181827	39.8230009363193	2.78710084522535e-05	0.000341694174489439	chr6	29215230	29217140	chr6:29215230-29217140	1030.697703	899.722866	975.150631	703.234583	706.322741	691.35039	313.16411	465.912263	347.489833
1835	-1.34839163002374	6.73282348323322	39.7872803438413	2.7995751428213e-05	0.000341877529205707	chr3	89349140	89350980	chr3:89349140-89350980	957.144881	828.397854	823.060661	209.28079	250.576343	284.726169	358.516208	268.628256	262.364873
1459	-2.44623672223203	5.58849881245991	39.3590690226868	2.95425136026783e-05	0.000359356981870078	chr19	29251080	29252580	chr19:29251080-29252580	475.011286	534.560128	312.048083	115.5404	131.734745	147.503953	32.059267	79.609685	98.146906
565	-4.94331458180644	4.79425390942552	38.5659614209396	3.34964969742153e-05	0.000402733944315469	chr11	120186180	120187680	chr11:120186180-120187680	347.903252	273.919457	290.015868	45.780178	14.574913	115.076885	11.729	13.05076	0.548307
1718	-1.44263259390501	6.3951517661821	38.2617196009998	3.39787415805578e-05	0.000406960774160988	chr2	151008220	151010000	chr2:151008220-151010000	667.864524	583.880911	704.131471	207.100808	242.167714	292.2397	216.595369	170.965003	240.706806
325	-2.0314112740841	5.17480447952512	38.1857625366627	3.43132948436782e-05	0.000408916323625	chr10	128525360	128526880	chr10:128525360-128526880	304.894646	349.987147	248.199558	91.196984	109.311812	129.708627	68.810132	48.722898	73.747249
516	-1.58824017009715	6.36460590351397	38.0011892864322	3.51422374448706e-05	0.000416094781001243	chr11	103100820	103102340	chr11:103100820-103102340	710.325231	861.973464	591.497252	215.094157	160.323989	148.29488	211.903895	150.736302	261.542499
1346	-1.00254897343644	7.98544197374704	37.8623746562581	3.57809396400483e-05	0.000422052447117842	chr18	35920700	35922240	chr18:35920700-35922240	1569.126022	1546.392794	1696.030913	902.524074	1117.784219	961.741065	572.374331	662.978892	861.938971
824	-1.53113781884228	6.2887324518481	37.4320804894594	3.78477156529835e-05	0.000441414930874122	chr13	113616320	113618220	chr13:113616320-113618220	638.826985	690.489507	686.595654	146.060537	168.172007	187.44484	216.595509	140.513241	251.124595
442	-2.78678535166818	4.9007037701551	36.4831077832666	4.29132591411054e-05	0.000489494098774367	chr11	79660480	79661980	chr11:79660480-79661980	230.657093	322.101947	431.651598	19.620056	28.58925	42.708926	46.916	22.186328	55.92729
1171	-2.69544440414647	5.24405697740062	36.2797185020859	4.40984846243063e-05	0.000495749751336064	chr16	72663690	72665190	chr16:72663690-72665190	352.012191	394.755099	265.960251	99.917067	133.696751	121.997334	30.4954	80.697229	23.303038
376	-1.34925902354629	7.06497551379964	36.0318739262693	4.55942720782653e-05	0.000506846165484203	chr11	50236040	50237720	chr11:50236040-50237720	1084.800396	958.338703	776.747996	562.442382	591.405094	334.553091	327.238888	304.952779	327.065227
437	-1.05866851576347	7.75565869033763	35.4683183807657	4.92190826405169e-05	0.000532181331050589	chr11	77466500	77470160	chr11:77466500-77470160	1280.393392	1273.990668	1339.019538	1028.237829	1104.89036	731.587466	490.271453	500.714488	639.326273
485	-1.18734162646102	6.60443540140764	34.5471353434361	5.58866598335503e-05	0.000587969519634085	chr11	97572600	97574860	chr11:97572600-97574860	619.103534	562.255694	696.937343	438.181687	370.538976	375.680224	240.053479	249.704611	229.740572
2124	-1.21181888672322	6.34200075449821	34.4872507838664	5.63550836132004e-05	0.000590874513035374	chr5	24729350	24731580	chr5:24729350-24731580	574.451267	648.851289	531.245939	270.684329	275.381655	234.602485	238.880555	209.138424	208.904983
779	-1.95541598378151	5.80272381213968	32.8328485966507	7.12838957953733e-05	0.000723055542367402	chr13	63567220	63568840	chr13:63567220-63568840	516.102019	435.159947	376.34638	244.160682	165.369137	168.462899	63.3366	147.473668	85.535904
962	-1.39036592790566	6.72185620916028	32.7365886232175	7.22847072962681e-05	0.000730826553638243	chr14	118924430	118926020	chr14:118924430-118926020	954.95319	969.246374	640.845542	309.561153	265.291362	231.339902	215.813574	363.572529	266.066097
1969	-1.00263907737168	7.27962929545497	31.0379599669322	9.29227681437159e-05	0.00089309104938127	chr4	91370900	91372980	chr4:91370900-91372980	1011.932663	1023.403517	891.180968	587.511984	555.528414	719.724039	417.552135	484.835833	364.076009
194	-1.13713656105899	6.99240870620727	30.6772472972526	9.81400394918361e-05	0.000940332563007931	chr10	12963380	12965340	chr10:12963380-12965340	1143.97162	849.454073	812.719046	342.624487	423.793533	356.302896	303.780923	416.754489	387.378939
1285	-1.09131979839009	7.3124141277805	30.6187189356704	9.90181501861056e-05	0.00094294348525851	chr17	71182640	71184260	chr17:71182640-71184260	1103.428427	1176.677148	868.249046	630.74926	705.761737	465.843399	390.966331	493.75397	394.232824
2860	-2.06102820116926	6.99454395705002	31.5260760736488	9.8924350281842e-05	0.00094294348525851	chr8	106869960	106871700	chr8:106869960-106871700	1042.065637	938.610266	1200.980486	309.561137	381.18987	529.115798	103.997134	354.110801	207.260067
1696	-1.07652845577536	6.94104756833625	30.5054420534825	0.000100743599431537	0.000954080935799352	chr2	129592700	129594480	chr2:129592700-129594480	816.340374	854.385964	866.450773	406.934924	411.460845	419.575389	411.29676	272.760918	363.527687
101	-1.74756182383939	6.56926807969378	30.2105327724731	0.000105401237018001	0.000980590804063183	chr1	98094920	98096860	chr1:98094920-98096860	742.924482	819.102641	709.077597	357.521255	329.617129	221.849104	116.508066	302.777721	167.233639
189	-2.43639990511216	5.32297673400927	30.1879817768395	0.000105767528027748	0.000980590804063183	chr10	5549680	5551180	chr10:5549680-5551180	438.851356	419.984421	260.339834	141.700536	122.765575	39.149867	70.373999	53.508142	54.282377
412	-1.24057054282694	7.57399062832194	29.7238578826574	0.000113643242575149	0.0010347516297632	chr11	69833260	69834940	chr11:69833260-69834940	1515.981866	1492.898701	1615.546404	346.621234	481.532611	454.968379	621.245301	364.986519	722.943204
312	-1.1219897820216	7.3125033520176	29.6590269037911	0.000114796479216064	0.00103616300370673	chr10	121033220	121034860	chr10:121033220-121034860	1160.133681	1093.401172	882.63775	711.409818	638.773276	489.966043	480.888533	314.306042	454.820964
336	-1.60692738469619	5.57190001817075	29.2720399454618	0.000121968606710852	0.00107900636732271	chr11	5444480	5445980	chr11:5444480-5445980	363.243829	409.361535	283.72104	194.020703	149.673093	164.903866	75.065587	121.372136	103.62999
2993	-2.16626288342937	5.88961736907226	29.1988873904928	0.00012338189015089	0.00108841701396564	chr9	70141420	70142920	chr9:70141420-70142920	542.948105	478.03128	370.051301	162.773966	263.469474	249.92625	140.747985	39.587332	87.729079
2762	-2.21183414096206	5.03187159504291	29.127064759178	0.000124787935624453	0.00109771082354392	chr8	64848620	64850120	chr8:64848620-64850120	314.482462	291.371362	187.049014	122.080474	107.630086	113.890492	23.458	67.863931	56.475599
118	-1.12236484311526	7.04196668674143	28.8167567053837	0.000131079650643058	0.00114336703670163	chr1	133045200	133047040	chr1:133045200-133047040	753.607884	873.355656	750.219701	732.11963	537.309739	514.681671	261.947602	293.207141	395.329487
2480	-2.50132602674183	4.70834945718911	28.7098391611526	0.000133331906307658	0.00115976412358114	chr6	142507250	142508750	chr6:142507250-142508750	289.554238	252.673567	230.888614	52.320187	30.270966	65.84295	18.7664	60.033539	39.478089
1409	-1.03061301705317	8.05419184510677	28.0636015513163	0.000147937834569705	0.00126213264890428	chr18	82474390	82476500	chr18:82474390-82476500	2281.094786	2185.379775	2245.375643	272.500992	384.27303	481.167149	882.41058	801.751984	1181.602161
1454	-1.0817292517973	7.04444684754802	27.8630870126308	0.000152840169017817	0.00128805542085306	chr19	28677320	28678820	chr19:28677320-28678820	949.47417	1107.438386	934.79537	261.600963	437.247179	321.898562	401.913216	397.178303	428.776451
1497	-3.3943356094285	5.9400132281194	29.7254601208143	0.000152593202411989	0.00128805542085306	chr19	47463740	47465330	chr19:47463740-47465330	761.826048	615.085616	521.016916	172.583983	179.944051	82.451995	22.87155	116.043037	16.449206
2725	-3.20364390270978	5.50204235870592	28.0400834330599	0.000160630810580357	0.00133387825105929	chr8	25101720	25103220	chr8:25101720-25103220	485.420824	500.035708	271.580735	137.340544	68.950539	230.15363	18.7664	80.044677	18.094125
2514	-1.33188222936607	6.13309314486638	27.0595556541067	0.000174466019806845	0.00142595061857878	chr7	19021740	19024190	chr7:19021740-19024190	533.086412	530.481826	587.113572	205.465825	132.855891	215.42313	209.558109	161.938225	200.13202
2845	-1.07491382915398	7.02331501497362	26.797880132482	0.00018225838400398	0.00146654420617156	chr8	105263670	105265240	chr8:105263670-105265240	913.588412	894.316626	978.52304	305.746203	443.133273	435.887685	394.094096	316.807343	443.169323
2954	-1.24574967333079	6.20947064801228	26.8098357771569	0.000181893699697729	0.00146654420617156	chr9	49796620	49798120	chr9:49796620-49798120	663.755693	488.654091	401.076215	244.887484	269.075234	268.117136	198.611068	199.676611	168.330158
1116	-1.86594866012866	5.41106553004466	26.2972515251685	0.000198316593026584	0.00156994454971692	chr16	10992450	10993970	chr16:10992450-10993970	351.738324	347.141657	322.389702	154.780559	177.141186	77.508798	60.208866	75.694383	108.016475
2584	-1.69107143311041	6.3678958134356	26.1203428561913	0.000204378260083001	0.00160715631792542	chr7	73390400	73392080	chr7:73390400-73392080	710.325176	767.88516	850.038842	149.693914	165.369147	60.306586	246.308934	155.739063	226.999045
351	-1.40639097455221	5.87652313082144	25.1999554050643	0.000239594186320454	0.00180583560488514	chr11	23770180	23771940	chr11:23770180-23771940	479.668271	510.658777	410.068997	190.387372	171.53545	106.970104	148.567331	173.575168	135.431781
1315	-1.11492209227547	6.55260384435228	24.1849613352673	0.00028685722050273	0.00208923516573536	chr18	4919860	4921600	chr18:4919860-4921600	650.332384	540.251042	522.92799	413.474597	348.11619	474.938761	220.505146	277.546205	188.069359
1364	-1.56911575337929	5.08905015358553	24.1598725701556	0.000288155390420796	0.00208923516573536	chr18	49978600	49980100	chr18:49978600-49980100	344.616058	294.406589	240.555722	77.753624	77.359138	57.340679	74.283667	95.270568	87.180789
2583	-1.08641746573604	7.55558583869246	24.0850762760709	0.000292066108220057	0.00210425960820145	chr7	73374140	73376400	chr7:73374140-73376400	1466.672569	1450.027762	1533.711649	440.361829	489.380669	300.939697	710.776301	426.324983	690.318927
486	-1.57122260963342	6.08201785712762	23.9213679341511	0.000300841862456332	0.00215857502232493	chr11	97985440	97987080	chr11:97985440-97987080	540.208668	431.935178	410.068827	273.591033	240.485965	339.496213	157.168601	71.561722	176.006542
2657	-2.44326106332733	4.79165243110011	23.5074470444322	0.000324425848134563	0.00230653445454573	chr7	134669540	134671040	chr7:134669540-134671040	401.047612	218.528457	134.441487	91.560298	95.85806	36.777155	51.607598	31.321844	36.188262
1491	-1.06517436904269	6.54221840016709	23.3025368691404	0.000336888866231064	0.00238425438509894	chr19	45744980	45747120	chr19:45744980-45747120	479.394179	580.845859	623.197003	441.815074	378.947613	398.616424	234.579986	272.325929	193.55239
1902	-3.54303876289334	4.62452750056819	23.3423145722077	0.000339718278754909	0.00239882702957548	chr4	6453440	6454940	chr4:6453440-6454940	317.770047	231.048405	196.941004	80.660309	42.043015	56.945266	23.457999	31.321821	0
1831	-1.06040515889721	6.92486017524484	23.1414374578803	0.000347077192899005	0.00243423058262951	chr3	89089180	89091700	chr3:89089180-89091700	968.650213	959.856205	889.831731	304.837813	341.108891	195.551548	404.650338	331.706921	439.194089
2599	-1.34419204828999	5.76290782126965	22.8099129132763	0.000369186810650743	0.0025604626466958	chr7	82865560	82867060	chr7:82865560-82867060	391.185773	413.534815	337.677368	239.074226	190.034386	160.553928	98.523601	155.304068	136.528448
1408	-1.32968807199457	7.31836860344854	22.8675740015699	0.000370888148379688	0.00256654598678744	chr18	80986950	80990420	chr18:80986950-80990420	1104.524604	1277.500135	1170.517886	405.299728	437.948046	685.220597	314.923316	601.966654	309.38226
413	-1.29509827963709	6.12739132936079	22.6079278864283	0.000383455726852588	0.00263013465510784	chr11	69836180	69837680	chr11:69836180-69837680	624.582235	659.379366	556.650722	143.153919	80.722574	92.536062	230.6702	163.569573	257.704273
106	-1.88251961003526	4.95634135474778	22.4368100232924	0.00039604521669311	0.00269684492371273	chr1	119504220	119505720	chr1:119504220-119505720	299.689828	323.619461	279.224621	37.060134	67.268819	21.749922	68.028197	75.694402	68.538354
2148	-1.28481513397408	6.02876953361386	21.4848571961442	0.000475469496924833	0.00310348359558179	chr5	34512560	34514500	chr5:34512560-34514500	530.346863	511.03798	453.683607	210.007486	158.081702	182.699257	159.514346	126.592403	248.383125
2922	-1.16398975212054	5.86434217442445	20.9812213982718	0.000524880988891435	0.00332887861386544	chr9	14614140	14615660	chr9:14614140-14615660	504.322718	424.916633	452.559591	134.070502	144.067388	110.529196	177.107872	152.041385	208.082527
1978	-2.57842750837339	6.38774164695393	22.0411666708071	0.000533335070408323	0.00335895759378366	chr4	100095140	100096660	chr4:100095140-100096660	949.200662	893.27314	937.942806	69.760233	72.03368	112.11093	44.5702	289.727033	69.086663
212	-1.14235013744551	5.9004468924354	20.5093614082937	0.00057664215301388	0.00359132732897044	chr10	36973520	36975140	chr10:36973520-36975140	435.015946	400.256441	337.677295	240.527582	247.212743	202.867356	171.243357	160.524424	128.303803
944	-1.389220190648	5.52102564773489	20.3845072032376	0.000591311427325318	0.00366072323000207	chr14	101728860	101730360	chr14:101728860-101730360	434.468089	382.80424	282.372026	95.920368	107.069519	150.272213	139.184134	120.9371	102.533381
2916	-1.09847685798404	6.46955970897765	19.9811324102068	0.000641744443275844	0.00391074793808411	chr8	126475500	126477000	chr8:126475500-126477000	604.310729	600.953444	565.193602	231.080738	297.664434	443.302477	243.963066	227.518321	247.286461
1260	-1.22158729596007	6.7016497094257	19.8158320518187	0.000663838296002596	0.0040217752018523	chr17	50507950	50509770	chr17:50507950-50509770	705.394378	694.093454	544.510819	439.271315	606.260371	332.773576	199.392962	187.496001	338.031383
800	-1.59710729691828	5.59790016920357	19.5963121043408	0.00069455482494887	0.0041593148555592	chr13	92610340	92611840	chr13:92610340-92611840	525.416263	457.543994	329.134235	71.940276	84.086008	98.863285	121.981575	181.405631	70.183269
71	-2.37731541492917	5.15362512984376	19.2555221318865	0.000755243933664825	0.00443741435741937	chr1	77514440	77515940	chr1:77514440-77515940	396.116746	299.338512	217.174618	180.940717	89.131171	72.367923	16.4206	87.440147	47.702683
2481	-1.89501734868848	6.48450936113979	19.6230237183662	0.00075886177006131	0.00445017136217758	chr6	142962860	142964400	chr6:142962860-142964400	719.912932	875.25205	893.429146	78.480278	116.038684	337.716745	222.850907	160.524379	199.583768
298	-2.02912917418263	5.22416173646324	19.1401090003749	0.000763810485908574	0.00445079722849883	chr10	99107330	99108830	chr10:99107330-99108830	481.311897	458.492667	152.876571	61.403535	78.199989	47.652102	76.629467	43.067528	110.483816
2026	-1.28773926047676	5.89970619404237	19.0304642512475	0.000781627567177094	0.00453256656273644	chr4	127167520	127169020	chr4:127167520-127169020	550.618495	480.686719	377.245428	154.7806	101.463785	201.285634	143.093798	167.919794	189.165928
2739	-1.09383056528072	7.67004975535414	18.8447171106148	0.000823239686552703	0.00473977808000217	chr8	35375040	35377400	chr8:35375040-35377400	1558.168191	1458.374302	1009.210362	767.36265	939.241114	628.176667	663.078848	331.271918	639.326423
1093	-1.41335566134392	5.60422101815876	18.324487225796	0.000908593134663659	0.00507963917655769	chr15	100423860	100425360	chr15:100423860-100425360	374.201485	372.181337	405.122976	152.600571	72.313978	164.113097	117.29	140.078169	118.982554
812	-1.53367103975981	5.16621023181196	18.3106267470054	0.000911315124384413	0.00508572633930656	chr13	103920920	103922420	chr13:103920920-103922420	338.589277	341.071633	175.358422	113.360402	109.872385	83.045176	109.470666	72.649234	71.828182
884	-1.03185833551097	6.58516067297137	18.2789730312586	0.000917566935586719	0.00510911637602634	chr14	48120600	48122150	chr14:48120600-48122150	490.76269	721.220291	566.655021	513.573526	332.700275	350.074671	219.918712	233.391166	303.213887
2474	-1.96264571841194	5.14423472517777	18.1244416217932	0.000948810425431696	0.00522937285804301	chr6	128842240	128843740	chr6:128842240-128843740	313.934779	377.492776	285.969144	80.660274	97.539767	36.777143	79.757202	31.321854	106.919856
2971	-1.23276704740881	5.77069914755148	17.2404986392292	0.00115312825766507	0.00616983057451723	chr9	63131500	63133000	chr9:63131500-63133000	455.287554	466.270132	334.080367	173.67391	122.205028	143.153957	103.215186	173.575207	186.424402
2858	-1.35939614170667	5.76404506531911	16.6219727632638	0.00132661028925368	0.00691970593088102	chr8	106168720	106170240	chr8:106168720-106170240	521.58084	491.689125	450.536254	72.66692	102.304644	46.268025	122.37254	143.123394	231.659741
3077	-1.24289858262673	6.98565556778088	16.5788762755122	0.0013545900110834	0.00704205892239351	chrX	48453180	48455100	chrX:48453180-48455100	990.565892	947.146492	659.392558	567.165684	456.867358	407.711795	330.757633	162.916996	459.207433
2757	-1.47662017628106	4.96000456697658	16.3383402232794	0.0014161665484251	0.0073254860993285	chr8	61223280	61224780	chr8:61223280-61224780	361.600312	327.413451	179.405165	29.066765	42.603589	36.777135	72.719787	84.830008	111.854611
2434	-1.46414693867397	6.59932075078496	16.3383311053455	0.00143156794993933	0.00739287329371656	chr6	92940740	92942280	chr6:92940740-92942280	841.541935	800.891874	699.635147	222.36081	184.989219	372.516544	150.131161	405.008623	179.844596
1094	-2.42542899243761	4.6986479379819	16.0166602104442	0.00152913331301009	0.007780590092669	chr15	100468720	100470220	chr15:100468720-100470220	335.849847	329.689714	138.937779	69.760246	28.589249	13.049945	60.990799	18.271064	49.347608
2483	-1.49466059086056	5.51719694220741	15.7590209954261	0.00162179398635133	0.00810636673113649	chr6	145338420	145339940	chr6:145338420-145339940	471.997949	372.940194	442.66778	37.42348	81.56343	33.218053	122.763534	175.09772	99.243577
1539	-1.04901859324674	6.1054442181289	15.69314669612	0.00164729878501099	0.00820750146643874	chr2	25364880	25366420	chr2:25364880-25366420	399.951903	415.431931	556.200918	225.994233	226.471638	274.839692	147.785375	200.546688	232.482203
574	-1.37713667211483	5.97742129515572	15.4018958638279	0.00176578634168878	0.00871419757213767	chr12	3805440	3808780	chr12:3805440-3808780	449.809055	399.876732	306.652685	369.148054	317.845154	207.217352	88.358454	199.676736	96.502013
1843	-1.2164808504087	5.55972502153407	15.0687707728037	0.00191362260917602	0.00921023308342213	chr3	95159630	95161130	chr3:95159630-95161130	387.898489	353.401616	326.886091	115.540455	147.991375	123.776849	82.103001	162.699486	154.896741
774	-0.446350231780014	6.71695507736171	4.51581995085056	0.0534728085329997	0.124987891235414	chr13	58272980	58274620	chr13:58272980-58274620	796.342229	762.194252	628.592791	198.017428	180.504629	204.844682	444.528807	361.506074	589.430404
2152	-0.399082259740316	7.46315429173165	4.16681456221622	0.0622151659622421	0.141311471047718	chr5	35892560	35895330	chr5:35892560-35895330	1457.631865	1313.162967	1004.151613	333.722932	242.307829	200.890102	799.916863	778.151996	903.199502
2063	-0.832267431709231	6.964430448423	4.194031106289	0.0633393670582705	0.143238045765762	chr4	141663560	141665220	chr4:141663560-141665220	1130.822514	1018.281737	796.756464	233.260905	234.88023	150.667652	605.215904	156.174142	677.159614
2085	0.381639084080847	7.0419202348696	3.96650435022551	0.0680055913809145	0.151697286217885	chr4	152274180	152275720	chr4:152274180-152275720	689.231759	572.119761	803.951065	220.907276	239.36482	244.389931	740.489867	756.074413	858.100876
1777	-0.49906372777807	7.06325656198967	3.95178155127808	0.0684561611889524	0.15248389552389	chr3	9250940	9252660	chr3:9250940-9252660	1168.07816	1021.506611	734.481812	179.124016	232.918232	204.44913	677.153307	374.774523	741.859912
2232	-0.37160327968517	7.25864727361894	3.56212414514091	0.0817992462408227	0.174826940833165	chr5	115428700	115431220	chr5:115428700-115431220	1112.194264	1090.176734	851.387558	287.761114	387.075862	276.026234	785.451	549.654918	711.15477
885	0.336129743326697	8.05270195102043	3.37927909905136	0.0891347562409053	0.185290808367276	chr14	48664270	48667300	chr14:48664270-48667300	1174.652677	1401.276059	1428.497075	566.983099	500.87241	828.770025	1341.992134	1616.554596	1445.612221
1722	-0.451939695810641	6.27651365917431	3.26532481566454	0.0941111484365588	0.19331274157747	chr2	153444300	153446010	chr2:153444300-153446010	425.291229	516.91866	610.269817	170.040679	141.404638	184.775479	390.770875	256.33872	344.748119
1320	0.822630338271921	7.51825258629244	3.2906844305495	0.0949973741868589	0.194440609275529	chr18	10324320	10326100	chr18:10324320-10326100	1080.965225	921.916994	744.599108	98.100367	109.3118	21.35446	1774.987062	605.120469	1842.860955
2731	-0.444892492982839	6.18214165204801	3.04802141182297	0.104572857520226	0.209414712744685	chr8	27173650	27175450	chr8:27173650-27175450	618.007425	453.370731	458.629829	106.093717	104.266653	151.063031	358.125196	255.794894	363.527702
1847	0.274717937773326	7.7935982395374	2.64377120997927	0.128108018328794	0.24295272172708	chr3	96596800	96598500	chr3:96596800-96598500	1398.735634	1167.003253	1432.094536	186.027338	139.0222	209.985468	1351.179053	1418.617978	1450.272787
2029	-0.384199783173343	6.35599484423954	2.52438148559161	0.136280340257839	0.255341142937973	chr4	128806060	128807800	chr4:128806060-128807800	614.720584	631.304635	395.230973	186.027337	189.473806	127.33595	391.748399	318.438647	376.687045
2326	0.373419993925757	7.44489790708376	2.32565506196382	0.15137616961649	0.27518119800686	chr6	31219570	31221270	chr6:31219570-31221270	793.602876	1076.518552	1067.213637	143.880496	281.127627	156.204036	1213.167971	912.465668	1192.84271
482	-0.388450486194756	6.29283142241451	2.24543731757752	0.158059706768896	0.284347819600744	chr11	97439780	97441280	chr11:97439780-97441280	682.657241	583.881081	376.795908	130.073787	151.354812	97.281495	394.094116	302.777734	388.201469
1513	0.19573568436468	7.89091667015997	2.19930354252843	0.162071890667788	0.289553567148302	chr2	4400080	4402080	chr2:4400080-4402080	1189.992815	1419.866543	1177.599214	554.448954	588.882379	551.656567	1159.996346	1343.249938	1263.574049
1747	-0.311494123511886	7.09390956853095	2.13008948568271	0.168335580022066	0.298687747116077	chr2	166712960	166714680	chr2:166712960-166714680	917.423094	875.44178	797.881141	404.391742	322.049412	236.085438	483.625218	658.411501	673.321299
3114	0.263959615410796	7.82037999596418	1.79154139313653	0.203835991596425	0.342664661274096	chrY	90769670	90773280	chrY:90769670-90773280	1397.639683	1277.500591	1183.781611	297.389492	443.974028	250.222802	1283.151057	1152.708781	1596.533972
2316	0.245769904240693	8.93416326210782	1.79344537146012	0.205570875910699	0.344721436502917	chr6	29432410	29434900	chr6:29432410-29434900	2250.002504	2460.437395	3227.157855	939.401721	1224.29309	750.173737	2544.799631	3107.822354	2576.084344
1388	0.323181631640295	6.86577223162395	1.54751895452304	0.235617538588032	0.381744544829934	chr18	67389180	67391340	chr18:67389180-67391340	637.1834	558.461961	587.675537	272.13775	340.548374	185.269728	754.173681	435.460502	755.019113
490	-0.36111979069191	6.45093888579151	1.5486120237574	0.235461156874899	0.381744544829934	chr11	98411660	98413260	chr11:98411660-98413260	665.94716	620.871633	457.730599	194.383984	228.994212	104.992816	473.460221	288.639506	414.246239
62	0.313239205428301	7.26308457200693	1.47047487074779	0.246996416539228	0.395448247353807	chr1	75382140	75383680	chr1:75382140-75383680	816.340164	758.400579	803.051836	418.561954	412.021407	188.23572	964.904092	700.825891	907.99665
2466	-0.223535348075408	6.71082367018761	1.34174689657417	0.267707249705543	0.419575336754663	chr6	124863340	124865020	chr6:124863340-124865020	738.267228	650.084587	792.035916	108.637069	109.031527	121.206422	581.366896	483.96587	564.48235
1890	-0.338557200461164	6.723618440239	1.33228041195051	0.269321505725714	0.421017655035076	chr3	145652800	145654300	chr3:145652800-145654300	879.346146	833.519113	387.137506	255.060947	247.773424	148.294906	474.632923	400.658486	555.983827
2003	0.277413904576226	7.45238030889702	1.2891400019168	0.276848109532698	0.430653874754743	chr4	117493720	117497780	chr4:117493720-117497780	1014.123961	1124.132157	933.446724	168.587279	270.756958	152.644888	1219.032737	716.486505	1302.229817
2260	-0.309426465410258	6.72442878134877	1.21056151052213	0.291315463433646	0.445120879849055	chr5	135544520	135546340	chr5:135544520-135546340	805.929572	731.843123	488.755538	321.914331	262.348398	137.222112	449.611251	518.550359	444.677164
1650	0.144861041162716	8.24524117809052	1.14143200730822	0.30492205105706	0.45936407010518	chr2	101795840	101797620	chr2:101795840-101797620	1912.098295	1884.429395	1574.629091	521.022153	528.059962	376.075623	1618.600202	1807.965737	1726.071596
1193	0.155409825288123	8.25898254553054	1.04785234481531	0.32480306521873	0.481443546460885	chr17	5940200	5941770	chr17:5940200-5941770	1937.163621	1927.963501	1380.723023	630.02289	634.008588	465.5468	1530.046094	1593.498244	1941.007418
2325	0.146789735991532	8.63007756919461	1.01530840957885	0.332250540601997	0.488262474485427	chr6	31215900	31217600	chr6:31215900-31217600	2137.823755	2330.212732	2113.293811	796.429526	1015.759113	768.760186	2615.564866	1841.463177	1869.179729
524	0.173502720299547	7.38760240970428	0.874747764068148	0.366811265454887	0.523585772620238	chr11	105291860	105293560	chr11:105291860-105293560	889.207693	953.785676	967.619103	386.588182	304.391333	281.957878	1032.932736	726.057829	1003.402744
1498	-0.186572858872135	7.09867269487287	0.86289698962524	0.369974016119038	0.526918417404341	chr19	47917920	47920220	chr19:47917920-47920220	891.94777	825.931631	827.781613	391.674727	256.742593	239.644451	620.854437	620.781337	705.671222
1033	-0.163202055652089	7.71781788960332	0.760582163796583	0.399077070721645	0.555036176072891	chr15	78801140	78803800	chr15:78801140-78803800	1523.103848	1464.823641	1404.21666	205.647457	235.440802	141.57227	1185.40932	920.079169	1309.357739
1400	-0.221605002205007	6.52176835400507	0.749255788082292	0.402512635673095	0.558069611525386	chr18	79108070	79111060	chr18:79108070-79111060	671.562922	676.452344	398.940384	243.979278	197.041536	134.651775	436.513824	456.124317	399.853173
2213	0.20892014229754	7.72696843040174	0.740449079041481	0.405301862611881	0.560937777854843	chr5	105517980	105520440	chr5:105517980-105520440	1258.477895	1166.623819	966.719692	653.275391	546.559125	271.280737	1132.23825	1057.546965	1212.30783
2030	-0.12474561812264	7.79323422788218	0.610846161420706	0.448567119494357	0.604168689491967	chr4	128883620	128885540	chr4:128883620-128885540	1373.532386	1280.819967	1298.552025	648.188926	469.760529	464.064157	931.281523	1106.487295	1118.547075
1474	0.198941308020739	7.80414157720937	0.562080682811053	0.46717979277013	0.621974294436162	chr19	38480180	38482040	chr19:38480180-38482040	1313.8144	1246.674902	1045.405888	640.922458	629.524296	255.067091	1140.056778	1069.727715	1386.120326
2053	0.169835059510387	6.53537604722977	0.525764155838811	0.481331095345512	0.635770371505098	chr4	137992060	137993980	chr4:137992060-137993980	556.918913	492.068686	565.64334	141.337245	163.687428	123.776861	558.69105	375.426969	652.485834
906	0.135902580182503	7.89771901797764	0.525543071405697	0.481421495185941	0.635770371505098	chr14	57698880	57701000	chr14:57698880-57701000	1631.857739	1505.418705	1060.244281	407.298196	487.979186	305.091814	1307.781835	1462.773073	1216.420062
2510	0.106599683839411	7.83391078745802	0.439020984812878	0.519250784087349	0.666782243978558	chr7	18924580	18927450	chr7:18924580-18927450	1393.119539	1346.26465	1175.913255	514.481763	502.134026	351.063244	1228.024684	1099.41808	1335.402661
536	-0.156939198603297	6.65436547790909	0.406380380176916	0.534956084082258	0.68098807408699	chr11	114850050	114852860	chr11:114850050-114852860	625.541108	678.348962	741.676231	117.538778	123.606438	96.095131	518.616802	362.593748	723.76595
658	0.0739615175217617	8.6179760946199	0.325806720070824	0.577940238593784	0.718006940644357	chr12	85598280	85600740	chr12:85598280-85600740	2318.623769	2441.372664	2004.481557	853.836526	913.174599	704.301067	2108.089784	1674.413413	2404.875874
2278	-0.148728859998071	7.70777265205482	0.307637971565694	0.588768525399219	0.728127556828105	chr5	144357220	144359020	chr5:144357220-144359020	1564.194418	1369.407617	1015.954664	499.221666	484.055198	234.701357	1017.684654	757.162032	1316.760109
576	-0.123534477745034	6.95758757518202	0.287425688028291	0.600991473096389	0.737096276968159	chr12	4132500	4134390	chr12:4132500-4134390	870.854125	785.81124	651.97392	314.82948	181.485633	243.401252	657.214487	471.350101	711.702885
1096	-0.103055433818827	7.04723817573944	0.269514769912944	0.612442507129142	0.747607200000058	chr15	100869180	100874040	chr15:100869180-100874040	974.676858	790.268993	605.211647	332.814513	306.073076	266.535172	555.95413	639.922805	716.637619
2803	-0.132695448745568	7.63568208621865	0.268022779047548	0.613466554535384	0.74856381301849	chr8	80056640	80058900	chr8:80056640-80058900	1263.408933	1294.098945	1094.865966	439.635089	497.228706	336.92576	1151.785874	530.295874	1216.145483
2464	-0.1223615812794	6.38892212208192	0.250600195036757	0.625078697750489	0.756802124725903	chr6	124856520	124858060	chr6:124856520-124858060	558.288938	611.95548	429.85299	191.840645	131.734749	102.422398	441.009934	416.754347	414.520239
2465	0.139545797975464	6.3863079456882	0.250726732844599	0.624992181581835	0.756802124725903	chr6	124859170	124860780	chr6:124859170-124860780	554.316652	519.669085	428.50422	137.522169	137.901056	69.698624	505.128454	348.890303	584.221516
2426	0.109602041356683	6.73946426583058	0.241841626993304	0.631135362272848	0.761736782450583	chr6	90735400	90738320	chr6:90735400-90738320	644.305625	697.887471	643.205652	94.103714	138.741915	127.731388	623.591146	470.915161	772.017043
1389	0.0895913632768716	6.78581300459966	0.236883230670692	0.634625459444998	0.763114314687159	chr18	67463960	67465800	chr18:67463960-67465800	609.789346	682.522331	622.297864	200.560755	243.288955	185.269681	582.930803	596.419736	591.897514
95	-0.0742808897594543	7.28496905490869	0.236794244707903	0.63468851048175	0.763114314687159	chr1	92831400	92833110	chr1:92831400-92833110	933.038036	1007.848758	848.1278	321.187847	361.149399	342.560988	745.963261	739.652132	815.33293
862	-0.0696492653141468	8.30931200097165	0.229901118156883	0.639618294124392	0.76657771455011	chr14	25459960	25461860	chr14:25459960-25461860	1747.734261	2145.828802	1750.886746	602.408785	769.66788	764.805333	1738.235325	1269.839299	1664.112641
978	-0.105614992011122	6.77525221596837	0.181242813501487	0.677319340746604	0.792921965069521	chr15	27466320	27467880	chr15:27466320-27467880	705.394774	728.04902	690.417719	151.873919	223.108192	103.806417	625.546371	484.618487	607.250093
300	-0.105647689854756	7.63720266623323	0.160915691951641	0.694912059991937	0.806242978694072	chr10	100014860	100016380	chr10:100014860-100016380	1389.421307	1356.508687	1130.162736	313.921343	412.862455	152.249455	934.409363	1176.744089	1013.272039
395	0.0892747744772553	8.08488023598811	0.146668801258858	0.708116783871535	0.81686459209721	chr11	61021160	61024440	chr11:61021160-61024440	1546.936471	1529.699513	1674.223964	372.05471	362.130494	757.687374	1393.794186	1400.999421	1613.942832
2061	0.0883525601597408	7.38583170677486	0.145207803250325	0.709355275632799	0.816912843313808	chr4	140647160	140649660	chr4:140647160-140649660	1042.066451	1057.359503	1020.67592	265.960933	208.533291	121.008696	1017.293543	800.012277	1070.844411
2594	-0.0937548263568134	6.84630921777205	0.121364005807233	0.733175532668287	0.833272809085365	chr7	80687260	80689530	chr7:80687260-80689530	805.108123	636.236885	778.209194	172.765651	195.079531	131.191626	591.727434	380.212262	848.231592
2627	0.0813058790946129	7.55007581479812	0.116848424821184	0.737978792718534	0.836728975633237	chr7	112426930	112429120	chr7:112426930-112429120	1316.96399	1231.214493	934.907828	271.956015	310.978076	148.690363	1139.861905	849.930854	1205.728329
1704	-0.0674018353570461	7.57818776680658	0.113875106952669	0.741198799557061	0.838391958525495	chr2	132878720	132880480	chr2:132878720-132880480	1277.653932	1058.307712	1254.487787	414.927983	304.951951	228.374117	923.462111	1008.171732	1057.136334
2742	-0.0392578831382253	8.37244314744549	0.0829968256871169	0.777850007042911	0.86491542298308	chr8	36093760	36095740	chr8:36093760-36095740	2009.620927	2131.790912	1887.126743	647.462106	713.610321	557.192731	2004.874963	1407.742513	1683.303061
2942	-0.0428118664941624	7.91585903315112	0.0614052498966572	0.808186430777348	0.883670135337311	chr9	37143780	37146090	chr9:37143780-37146090	1668.154329	1409.243631	1311.47878	466.521894	582.155676	361.443865	1172.311902	1137.700684	1394.208139
617	0.0634608779382462	6.50480383082961	0.0540126110562262	0.819866523945289	0.890811010315991	chr12	54984260	54985880	chr12:54984260-54985880	581.847634	697.697647	466.72325	91.560349	62.223653	110.331454	590.358802	349.325518	642.616205
2471	0.0493840916259646	8.59656589844775	0.0533454237279589	0.821271487402252	0.891715276070645	chr6	127767320	127769340	chr6:127767320-127769340	2189.325023	2376.876776	1969.410607	673.62272	699.595833	1365.893961	1934.50125	1837.112609	2102.210451
457	-0.0382528610925347	7.58328991449826	0.051603890595944	0.823853487981194	0.893272897483788	chr11	87358160	87359980	chr11:87358160-87359980	1204.786117	1196.595521	979.758968	519.568667	401.931138	360.652859	837.449654	1012.304179	1007.788973
2495	-0.0465063148021637	6.35964002314523	0.0464434684458257	0.832739312058417	0.900086851006564	chr7	4841960	4844680	chr7:4841960-4844680	495.282682	567.946681	447.164007	152.237239	124.167002	164.903911	428.890115	355.850801	485.526304
326	-0.036052873771732	6.75695313071425	0.0393716668934303	0.845804922956056	0.906968502095441	chr10	128891720	128893980	chr10:128891720-128893980	716.078062	608.920718	608.358897	218.00079	206.851568	235.689932	542.66092	508.979866	588.882252
2074	0.0358694746027523	7.01894337220102	0.0382571937324127	0.847972749431715	0.908980083211828	chr4	149584300	149586090	chr4:149584300-149586090	775.933628	696.93871	718.407508	325.366033	286.873413	298.369227	747.527246	533.558855	674.143906
3113	0.0428212969215957	7.67554639118564	0.0363990001419638	0.851661627724304	0.911052665315521	chrX	169996270	169998960	chrX:169996270-169998960	1383.531206	1403.173554	909.840628	437.454696	386.935829	245.576301	1127.546093	866.571009	1303.189455
2506	0.0304675565779851	7.9882630659956	0.0253278057765914	0.876015910750565	0.925030025797646	chr7	16174200	16175980	chr7:16174200-16175980	1336.277296	1483.413917	1532.813065	699.056158	629.523938	376.471147	1351.179258	1220.24631	1301.681653
2911	0.0345727206177927	6.54012684598037	0.0112307198032431	0.917240215287455	0.955596114426729	chr8	125012120	125013880	chr8:125012120-125013880	633.074596	617.26719	399.502551	226.720786	209.654473	101.433729	545.397924	297.557407	621.231938
886	-0.0143294523592008	7.82151847261343	0.00769256631573416	0.931455304186029	0.961721424812764	chr14	48668340	48669860	chr14:48668340-48669860	1260.670125	1283.286007	1417.593225	455.257973	431.921989	584.874823	1006.347457	1273.319743	1139.930666
416	0.0149655216020576	6.63823988058735	0.00251457649078997	0.960773993864854	0.976742149675509	chr11	70539260	70541140	chr11:70539260-70541140	605.132555	625.424145	506.741116	289.940974	188.352648	156.203926	652.522564	290.814522	581.205846
459	0.0200855866020828	6.59208281896671	0.00260279788853314	0.960123735693938	0.976742149675509	chr11	88096800	88099780	chr11:88096800-88099780	780.727585	577.051944	530.571717	115.540391	72.313976	78.695178	672.462196	197.066535	798.335515
