regionID	logFC	logCPM	F	PValue	FDR	V1	V2	V3	V4	DMSO1	DMSO2	DMSO3	PDsiNanog1	PDsiNanog2	PDsiNanog3	t2i1	t2i2	t2i3
5953	0.229452170088297	5.01918337324875	3.28963108121789	0.0774163581133015	0.100200925503753	chr11	96201960	96204320	chr11:96201960-96204320	606.3312	470.44523	775.956393	239.14567	278.683484	281.412982	747.593796	827.675865	825.052665
33436	-0.254691877432578	4.68453519598565	3.28000294546568	0.0777409643422653	0.100596569920492	chr8	83824360	83827100	chr8:83824360-83827100	583.010892	624.036774	522.355522	243.501724	157.035952	228.663317	480.008414	569.573557	561.35844
9021	-0.25808016202514	4.46412681106287	3.26345975764595	0.0784646695878225	0.101469517970627	chr13	52560240	52561740	chr13:52560240-52561740	499.868446	507.058239	495.361869	186.873429	174.177166	148.189399	519.528556	435.477149	435.668558
27216	-0.169670161182912	5.72812975129986	3.21960836665167	0.0804197473531919	0.103788563211999	chr5	144182660	144185680	chr5:144182660-144185680	1009.369073	1094.25128	1233.668231	516.188945	559.578666	523.570535	899.089077	1185.789146	1202.971705
26359	-0.189655662853494	5.31503230922799	3.19697532800696	0.0814501164040074	0.105019982006969	chr5	118427110	118429440	chr5:118427110-118429440	834.59292	836.231705	832.667017	419.26726	339.645574	465.791372	824.370824	816.575496	791.931609
14211	0.213234454856601	4.89597820717556	3.19156714153233	0.0816985075971824	0.105325651448532	chr17	14197480	14198980	chr17:14197480-14198980	543.974572	488.636751	624.648292	281.835006	292.507073	272.825863	655.379927	735.064017	736.730009
23652	-0.216219532165041	4.94370054986621	3.17522088982036	0.0824544456570037	0.106167767803039	chr4	125162080	125165160	chr4:125162080-125165160	626.863452	695.420528	791.110786	205.822119	247.995134	182.538125	638.089794	698.288034	676.220542
21158	-0.230824225600336	4.90982554860521	3.16579405136137	0.0829029728712749	0.106697284685062	chr3	65648280	65649920	chr3:65648280-65649920	658.548698	661.801129	749.435916	224.55305	149.294702	253.443408	635.208247	646.264402	670.700531
18431	-0.240747602452146	5.06286213449078	3.18816039140228	0.08300003797161	0.106811124234158	chr2	33448440	33453180	chr2:33448440-33453180	769.574773	667.788062	669.164482	385.072726	256.012809	439.171171	573.869285	701.427532	706.156369
3659	-0.220265014753313	4.81935425108138	3.15774782406841	0.0832711759953157	0.107148927955514	chr10	93539200	93544240	chr10:93539200-93544240	670.462457	574.988581	656.614609	220.632662	189.106675	241.66678	619.976089	587.961361	600.848913
11220	-0.250650655129522	4.66733127940728	3.12562738189388	0.0847963413265681	0.108987041111513	chr15	7136220	7138540	chr15:7136220-7138540	502.149773	527.322392	577.290575	348.917533	226.153906	248.045753	436.37129	541.991834	518.47102
36120	0.180191303605284	5.35318745182769	3.0931781817782	0.0863690328295568	0.110843734612751	chr9	95611680	95613200	chr9:95611680-95613200	678.573799	799.733409	851.728327	372.657836	392.313121	346.675252	983.07009	1025.232277	912.1015
15284	0.209789247167865	4.95711984116982	3.08292200446913	0.0868729063719826	0.111432735099797	chr17	66426560	66428140	chr17:66426560-66428140	537.891034	569.231763	564.503935	278.349905	369.366206	367.529771	669.376723	728.785233	745.22245
9770	0.208540286110878	4.91121335578146	3.06766178578887	0.0876287497544654	0.112317071506352	chr13	109609140	109613240	chr13:109609140-109613240	589.094407	509.361168	542.245894	302.308027	304.118877	324.839485	724.540898	729.682206	648.407573
21735	0.24364360284227	4.75029127944888	3.04542492705152	0.0888385002787583	0.113761836678984	chr3	102082970	102084510	chr3:102082970-102084510	522.682253	557.94832	421.72037	250.471405	259.33048	188.426461	585.395902	685.955156	707.642608
10028	-0.253057467793429	4.58818967669748	3.01723194972575	0.0901796721573552	0.11535618712788	chr14	19910820	19912820	chr14:19910820-19912820	469.196968	490.018179	572.791512	251.99598	297.207116	212.470424	370.503989	525.62224	528.874564
33667	-0.204203160913335	5.24747919064842	3.00823818242113	0.0908274616693848	0.116108978539357	chr8	90851020	90852600	chr8:90851020-90852600	965.263545	759.896943	733.097409	387.686179	293.059979	358.697351	755.827643	803.23345	813.587518
28695	-0.270376979579478	4.47534429810997	3.00703597715348	0.0908802872850943	0.116168524992851	chr6	93872920	93874680	chr6:93872920-93874680	456.269601	572.455369	477.128954	166.83574	147.359413	228.172571	354.036912	514.634509	518.895755
29894	0.209782154888629	4.95781507195054	2.97952398028726	0.0921417501159255	0.117692042469892	chr7	6994500	6996740	chr7:6994500-6996740	527.244563	556.566803	601.206299	335.849601	363.836828	289.018758	772.705939	745.827307	637.579291
6462	-0.207998631044528	4.93120609455862	2.97408358990726	0.0924287850206594	0.118022203613743	chr11	107432640	107434160	chr11:107432640-107434160	672.49042	638.313073	606.65221	325.612865	273.983486	355.998467	614.212951	641.779554	586.411856
31594	0.185441746648997	5.19006174225405	2.91081614342653	0.0958419403960207	0.122024481296077	chr7	118817140	118819440	chr7:118817140-118819440	641.311801	655.353103	796.082869	335.849465	288.083629	333.671828	807.697915	964.687404	861.995253
1060	0.186700640094529	5.13129925688025	2.90787685564974	0.0960039352934387	0.122205638859737	chr1	119333380	119336260	chr1:119333380-119336260	668.688378	667.557499	604.284607	349.135279	362.730792	341.768278	792.877994	868.263508	791.294379
21734	0.20332947668385	5.01356280749148	2.90549392369141	0.0961354945465415	0.122356358600304	chr3	102081300	102082820	chr3:102081300-102082820	572.111235	542.059513	697.105574	327.573077	268.177599	312.817292	731.539056	719.815284	854.352086
11739	-0.178789015602189	5.45116771354623	2.87870483485197	0.0976286047424345	0.124095395949514	chr15	62095270	62096770	chr15:62095270-62096770	1089.723817	976.582403	927.737546	294.46719	257.395194	283.621041	1098.749649	949.663199	884.713004
19446	-0.197596642918945	5.14879000170477	2.87875867493678	0.0976255777395987	0.124095395949514	chr2	119463320	119464980	chr2:119463320-119464980	796.95035	746.080278	722.205296	376.796237	338.401389	311.59061	819.224951	721.160867	648.832189
1161	0.183817708118593	5.24477492178031	2.82840216669325	0.100503718760659	0.12746145585765	chr1	131148940	131150480	chr1:131148940-131150480	746.76096	626.339029	778.560782	333.671363	319.601353	387.157629	931.199558	829.693816	943.523661
17065	-0.176406957287486	5.33454470842573	2.80152822975323	0.10207897696309	0.129341291350058	chr19	14669840	14671620	chr19:14669840-14671620	764.504879	879.637769	978.173717	377.014042	376.554389	309.3825	833.222001	854.808772	877.918655
28555	0.190518588930371	5.17245796383361	2.79662948916806	0.102369131762159	0.129691270719213	chr6	88446900	88448400	chr6:88446900-88448400	560.197597	701.868212	724.57303	405.981787	321.813074	389.611014	852.159045	781.706252	871.761682
32428	-0.252512876888948	4.47358081005817	2.7951289721595	0.102458195241851	0.12978200851059	chr8	22415140	22417180	chr8:22415140-22417180	515.330739	497.156716	535.615589	177.725747	104.506311	158.494079	432.254446	460.816344	547.345831
15730	-0.141134072327739	5.96514228006602	2.79439302727295	0.102501909527971	0.129828540341396	chr18	12383920	12385840	chr18:12383920-12385840	1317.351251	1309.555486	1430.202773	444.750168	554.602137	558.164519	1254.361111	1353.522349	1468.364225
11737	0.136193862179129	6.08446678690201	2.77772524808454	0.103497647637412	0.131009457687463	chr15	62087020	62088660	chr15:62087020-62088660	1350.557717	1169.550324	1367.927459	569.76852	672.932042	698.257432	1575.465018	1562.067062	1595.965342
32744	-0.277813012492461	4.74500287799795	2.83151966343201	0.103775652067248	0.131330083851898	chr8	36532500	36534490	chr8:36532500-36534490	596.698899	540.447639	644.657173	152.351912	247.303985	336.002724	591.776638	487.725351	545.328759
23899	-0.151576066062869	5.61587840863814	2.69404154597765	0.108666081454222	0.136932144301586	chr4	132126820	132131600	chr4:132126820-132131600	1061.080113	1113.133011	1033.819309	368.084035	371.57804	445.550127	1017.650119	1123.898985	1063.269133
31496	-0.221056734311008	4.70034408962876	2.69322556779297	0.10871790323816	0.13698352715984	chr7	113038600	113040230	chr7:113038600-113040230	582.757446	584.774955	491.809992	273.667142	249.653957	248.413725	569.958453	559.370707	451.167427
7340	-0.209426666756555	5.00056165453174	2.65899374022842	0.111045089224087	0.139707579622012	chr12	37107600	37109880	chr12:37107600-37109880	714.568762	649.826769	635.54058	333.453615	361.62507	332.199834	593.217669	530.77972	794.691514
31726	-0.204493537734353	4.7590064344812	2.63597870466287	0.112424906262818	0.141295430784317	chr7	127222740	127224400	chr7:127222740-127224400	605.824538	588.113827	530.406271	250.471381	270.942303	274.788562	552.46238	596.03414	513.375456
9022	0.207381529589764	4.83691926942046	2.63276529228412	0.112637226585134	0.141524028742694	chr13	52562020	52565120	chr13:52562020-52565120	571.857601	549.88882	564.030481	240.452531	179.153682	177.140387	759.944619	729.233615	667.515358
20343	-0.216276041186751	4.5797578877212	2.63075184451821	0.112770494755182	0.141662769941809	chr2	167529460	167531060	chr2:167529460-167531060	487.954831	508.209553	514.541539	261.797014	255.183396	224.492409	454.484744	463.507285	522.929645
1375	-0.218046431790318	4.86913251529924	2.61186180758625	0.114207479880677	0.143313072581219	chr1	135471840	135473620	chr1:135471840-135473620	741.691161	589.956141	612.335223	227.82004	282.554148	201.675066	519.528797	655.682414	683.651294
31590	-0.193126730807962	5.0544494860035	2.5811042924518	0.116114315915779	0.145488439566377	chr7	118651500	118653300	chr7:118651500-118653300	721.158955	699.565683	787.559078	204.733125	283.383548	308.155878	680.080021	679.900543	778.768134
30485	-0.213442415547825	4.72898804539875	2.53551241106444	0.119285238670656	0.149141623978955	chr7	37174600	37176730	chr7:37174600-37176730	648.916409	579.939281	562.846308	158.123675	207.353742	222.652312	491.740958	603.658662	622.398752
35966	0.170769334643843	5.2243516424827	2.52180372663348	0.120258005381049	0.150251833239369	chr9	73088720	73090220	chr9:73088720-73090220	733.5799	676.077799	664.428591	374.182425	416.91917	352.318292	840.631474	859.742035	890.445635
11908	0.206140213703162	4.86031322932061	2.51247807633043	0.120924954335819	0.151019197947842	chr15	77101760	77105200	chr15:77101760-77105200	485.673248	572.455523	572.318324	326.04839	215.647936	260.803785	716.307547	675.191588	689.383937
10980	0.152011694339204	5.68937064196166	2.50158764862492	0.121709193251369	0.151911920790298	chr14	99324300	99325820	chr14:99324300-99325820	1070.458735	909.343235	1029.083005	414.258141	425.76634	472.78379	1307.055494	1083.535509	1310.82732
24858	0.218395257427133	4.60787716395662	2.50024103628132	0.121806570278013	0.152023262233931	chr4	154682340	154684240	chr4:154682340-154684240	442.074297	492.781445	604.758284	77.972849	87.365066	110.406133	597.746106	633.706795	748.194768
26868	0.151496013835966	5.5971091058914	2.49782054874289	0.12198182705135	0.152226675458541	chr5	135656360	135657980	chr5:135656360-135657980	865.391146	932.600024	988.355104	504.427833	411.389835	402.859823	1144.44517	1130.626158	1150.317865
35707	0.158242780242319	5.37744695277809	2.49099763216886	0.122477405268542	0.152793879321869	chr9	63973280	63974780	chr9:63973280-63974780	767.039749	705.552599	842.020354	437.780513	427.425174	426.413101	868.625418	956.166143	1036.517463
35444	0.167198753919537	5.32175136355157	2.48756402157375	0.12272767812234	0.153080436654876	chr9	56545260	56548460	chr9:56545260-56548460	740.677381	726.967843	899.322764	277.043338	290.295192	353.299533	911.439401	1097.886977	933.332876
19943	0.174226526427533	5.26357994274674	2.48347431903715	0.123026540160566	0.153417208871254	chr2	154576220	154578530	chr2:154576220-154578530	801.259872	672.738801	708.352832	360.460903	386.092735	307.297187	858.951742	904.815224	969.744213
35659	0.179609012734568	5.30203389086374	2.46048647721762	0.124849942290147	0.155565896476939	chr9	62489290	62492180	chr9:62489290-62492180	661.083604	731.57313	786.611721	396.943084	455.072343	375.012865	716.719427	967.041864	1053.078016
19401	0.188093977279413	4.92002354405862	2.44221305222877	0.126089066748313	0.156962683721049	chr2	118483320	118487900	chr2:118483320-118487900	531.807498	636.01047	595.286636	239.145722	240.530386	237.986587	644.676955	857.051372	727.388213
34096	-0.150772609836354	5.4765934865038	2.41499940130781	0.128156980981179	0.159329027514696	chr8	111759500	111761700	chr8:111759500-111761700	917.10154	865.821805	1003.983739	485.697112	408.348717	438.680363	911.851199	972.31171	895.96559
4449	0.152646577524449	5.54012266909497	2.40177904429668	0.129175665597902	0.160541843885955	chr11	20227010	20232130	chr11:20227010-20232130	862.349255	965.759389	970.359823	380.281058	295.271825	321.404485	1092.574323	1266.516388	1088.746736
4378	0.128022955119087	5.83744012510369	2.40126749877988	0.129215269674496	0.160580336303013	chr11	12456370	12460640	chr11:12456370-12460640	1041.561835	1129.367038	1143.333636	498.873927	515.758045	557.918882	1236.041963	1425.840446	1353.183954
28865	-0.110040932730252	6.33089220907474	2.3635170335001	0.132177002094328	0.163954302957908	chr6	100376040	100381320	chr6:100376040-100381320	1606.575333	1773.322175	1673.621841	742.049073	743.985226	759.103303	1738.486356	1743.029952	1707.430305
5282	0.100813328208239	6.79826655687009	2.35873238097139	0.132557956688582	0.164388479670634	chr11	72400760	72402470	chr11:72400760-72402470	2125.328095	1986.324073	2257.068835	1149.4465	1051.560122	1195.330692	2462.615634	2644.929264	2459.340362
26718	0.141990777513394	5.64975705788276	2.34260950905561	0.133851043637619	0.165842815989664	chr5	129141380	129144720	chr5:129141380-129144720	994.160189	939.047966	910.688676	527.950375	468.343153	482.35212	1171.615416	1224.359319	1086.198487
15196	-0.206598949019448	4.49555091988493	2.3417340832718	0.133921671265292	0.165913748440785	chr17	56952380	56954580	chr17:56952380-56954580	508.740415	511.894203	526.38097	139.174987	161.459511	150.152294	517.882105	476.737528	489.808603
21963	-0.182469209077508	4.88502844117498	2.3339997441249	0.134547540285365	0.166650284183934	chr3	122445080	122446760	chr3:122445080-122446760	603.289649	584.659766	713.9176	287.497601	251.036364	278.714157	572.222742	668.912958	614.436926
8152	0.115890227129121	6.35141795138464	2.3287564873768	0.134973755176153	0.167139243179523	chr12	106176180	106178920	chr12:106176180-106178920	1534.585782	1552.031494	1532.022086	853.345803	816.697322	867.547212	2013.070695	1846.853482	1683.650658
16093	-0.179977380995436	5.19409049374189	2.32550595238141	0.135335734755967	0.167548449740308	chr18	38568180	38569680	chr18:38568180-38569680	776.672089	685.288549	942.892294	358.501176	268.730541	291.472183	745.948058	736.409337	864.118682
29196	0.203895719162684	5.26092207221141	2.3423324514305	0.136704813703553	0.169125215104602	chr6	120290840	120292430	chr6:120290840-120292430	707.344365	770.949671	685.976385	340.641224	240.945138	454.505462	961.457793	939.348209	863.163006
31568	0.163513752181522	5.37622093244868	2.29987444592566	0.137349758458982	0.169827110783198	chr7	117419780	117421380	chr7:117419780-117421380	796.190357	816.543524	698.526118	398.140815	486.037338	383.231965	974.013405	921.184469	977.494179
19047	0.249369439519267	4.76838749594268	2.33461109267655	0.137871899989287	0.170404758457957	chr2	83711570	83715760	chr2:83711570-83715760	569.70299	417.482686	521.526827	212.57412	184.683004	343.240316	755.827946	607.694711	621.65608
15056	-0.215781901761895	4.70615807868384	2.28512181438076	0.138734799719635	0.171368798923275	chr17	47811580	47813080	chr17:47811580-47813080	527.75162	512.124274	688.58128	189.487039	275.9188	199.712328	451.191416	609.040225	587.260877
35055	-0.175784335920919	5.03612375623063	2.27805205683979	0.139177198770467	0.171869612329236	chr9	36802080	36804500	chr9:36802080-36804500	748.282124	725.816543	707.050477	257.876572	224.495022	268.900283	789.584374	665.548904	683.651363
12479	-0.155100781093335	5.39217622982197	2.25336639321307	0.141278554904322	0.174181792647628	chr15	98113290	98115980	chr15:98113290-98115980	873.375958	876.184073	837.994713	408.812917	428.669387	500.385263	925.024302	786.527281	862.526002
33157	0.100372095549662	6.73407370792526	2.25046099838243	0.141528293097091	0.17444294002575	chr8	70646640	70648420	chr8:70646640-70648420	2007.078651	2032.83834	2010.334258	1051.544369	1100.909901	1175.212511	2254.309941	2633.0447	2310.402449
12681	0.135854726912104	5.70511567401077	2.21258344961137	0.144831600615437	0.178154456817343	chr15	102214280	102218040	chr15:102214280-102218040	900.878725	938.357145	1129.718219	474.58905	553.21988	518.663627	1089.692829	1281.317048	1239.48961
20930	0.149074560331051	5.40539374952216	2.20150775400239	0.145814430076506	0.179268583404811	chr3	34006280	34007800	chr3:34006280-34007800	857.533339	807.102789	848.413143	298.169998	336.189682	354.281125	1115.628168	991.372043	978.767767
3660	0.203391398074702	4.71260542152624	2.16199333353911	0.149384836055716	0.183385449746029	chr10	93545340	93546960	chr10:93545340-93546960	504.938157	519.032446	542.245877	181.210612	202.930235	125.126952	703.957263	632.361429	659.447649
20495	0.164728792705352	5.45901318813032	2.16675387227467	0.149473808259457	0.183482564132538	chr2	170774980	170776620	chr2:170774980-170776620	759.181719	821.379192	863.094101	358.065118	492.949068	518.908893	825.399994	1155.068215	1059.022011
29528	-0.198540879256138	4.93143758625281	2.15978226765862	0.150007169410427	0.184064402160711	chr6	134780940	134782640	chr6:134780940-134782640	637.762887	716.145269	572.081147	339.334251	283.660039	301.776799	744.301191	513.064701	600.849175
28335	-0.181382715241912	4.76427627830739	2.13626626777536	0.151764407029289	0.185993634742891	chr6	72807320	72809360	chr6:72807320-72809360	593.403888	565.777497	673.900465	183.606405	213.989104	183.764878	554.932423	611.058217	623.991103
30808	0.0991130013290496	6.7401113173102	2.1339368721181	0.151982042048768	0.186211284806178	chr7	65870480	65871980	chr7:65870480-65871980	2186.037442	1974.809919	2015.070049	1056.772279	1050.039591	1008.376095	2370.401386	2483.250561	2487.0476
10297	-0.123524771475601	5.75303314993802	2.13036965409885	0.152316035610334	0.186571347365591	chr14	32123730	32125280	chr14:32123730-32125280	1163.86676	1157.921077	1145.701122	449.106138	441.387061	471.311578	1155.971683	1170.429028	1202.652865
12311	0.151225414048045	5.38826937874715	2.10280636802018	0.154925959449655	0.189443907228174	chr15	85864280	85867000	chr15:85864280-85867000	794.669547	783.154132	774.061909	392.913367	428.807644	441.379324	817.166731	970.966387	1111.46464
29152	0.11201176248991	6.79528440906746	2.08441455185792	0.157889971137851	0.192795837611465	chr6	119324200	119326450	chr6:119324200-119326450	2134.073071	1915.514994	2388.01267	1087.918127	982.856921	1094.493656	2289.92025	3027.261598	2396.920026
14636	-0.128615319357332	5.7365976196222	2.07100661792901	0.15800251553592	0.192920599603357	chr17	29854980	29856480	chr17:29854980-29856480	1137.124966	1079.053596	1046.13216	561.056701	539.119698	587.851208	989.65682	1209.11073	1116.347187
26837	0.145401030820541	5.63194443719036	2.06237318754313	0.158976133183551	0.19402024061322	chr5	134966740	134968380	chr5:134966740-134968380	939.6615	939.969251	950.232657	523.812385	385.125156	504.678819	1266.710939	1066.268331	1131.422059
79	-0.17314373337539	5.05856610427665	2.04922741170074	0.160151085229267	0.19532729262319	chr1	15790400	15792520	chr1:15790400-15792520	719.638502	714.302811	664.902375	357.194249	330.660145	300.304628	785.05622	684.38554	593.20541
21905	0.168562090088974	4.90050577026132	2.04814589733924	0.160258672593208	0.195450859300803	chr3	121386840	121388660	chr3:121386840-121388660	610.894201	558.178481	654.483615	165.964538	179.153649	204.619341	769.824728	766.009526	733.332753
13684	-0.143040022525251	5.28773493496481	1.99176753626061	0.1659870310768	0.201920857023683	chr16	72703300	72704800	chr16:72703300-72704800	859.81424	788.910735	864.278426	344.125943	337.295536	332.199879	782.174649	863.330088	878.131114
20843	-0.153935606079197	5.13365305620389	1.99025446253921	0.16614406967693	0.202092068928963	chr3	27596510	27598380	chr3:27596510-27598380	738.395923	780.391	729.427242	290.002286	341.027854	312.572075	763.443555	766.121263	710.721524
3759	0.193208250182147	4.6196474273527	1.9175320979851	0.173903652266125	0.210745102197361	chr10	108294220	108295760	chr10:108294220-108295760	479.589694	474.820141	569.713217	116.305856	142.659394	109.915393	693.25382	711.742759	522.292479
29267	0.177079540567123	4.9733034945402	1.88295536621583	0.177837799639572	0.215106321258502	chr6	122623740	122625440	chr6:122623740-122625440	514.063553	579.824402	645.958922	323.652585	246.059896	401.387619	769.000896	713.985273	690.870385
1595	-0.157169990026366	5.03263447652379	1.87277460511591	0.178893578874865	0.216256802223717	chr1	153530990	153533460	chr1:153530990-153533460	569.956547	739.287257	707.406249	361.332436	344.621981	343.976475	646.529209	668.464426	686.517777
32898	-0.172990995238412	5.41209552976261	1.88843606795365	0.179875066893784	0.217358532715685	chr8	48132780	48134640	chr8:48132780-48134640	928.254964	934.442731	849.597669	429.504018	451.201821	323.858017	680.080091	1029.717471	967.302983
22920	0.148097794579205	5.081034041082	1.80766602453066	0.186461261082992	0.224682316964397	chr4	59420700	59423560	chr4:59420700-59423560	590.108394	637.852641	683.845385	318.425406	362.177955	323.858008	788.761079	800.542613	755.413458
15058	-0.10570608538837	6.09105798515456	1.80164398143389	0.187180410711931	0.225461252931151	chr17	47817480	47819180	chr17:47817480-47819180	1439.783291	1389.92009	1387.580518	713.517266	632.56719	660.474157	1406.267742	1433.352422	1507.005009
27378	-0.143990444810265	5.25109080320216	1.79165770797378	0.188380322602968	0.226752399056696	chr5	148953900	148956600	chr5:148953900-148956600	719.384872	762.199289	878.485586	375.489203	437.93117	365.076362	830.75148	787.985208	742.249694
36910	0.124024775917523	5.54766569760092	1.73351500684633	0.195553323959205	0.234598920468504	chrX	60181760	60183780	chrX:60181760-60183780	876.037275	927.995088	899.322816	434.295714	385.954539	484.314945	1071.991385	1112.238355	1081.528289
1702	0.147382457209152	5.10083599353736	1.72495333619885	0.196637195043407	0.235783384091464	chr1	161251420	161253100	chr1:161251420-161253100	563.746259	655.35323	696.868762	348.264416	322.918988	401.633005	724.128979	846.512065	779.192816
26495	-0.138370253986945	5.3562705470873	1.70400674763243	0.199319734195426	0.238715297303744	chr5	121585760	121588160	chr5:121585760-121588160	866.151342	844.867017	845.335149	443.879007	338.1249	429.847871	846.395442	939.123963	791.082097
9867	0.14576797840904	5.23157858432976	1.7027970415135	0.199476005126524	0.238887075376841	chr13	114024300	114028880	chr13:114024300-114028880	628.637882	651.669098	820.709154	449.97725	347.801372	376.852946	863.685337	865.123805	839.4902
36931	0.176552326552214	4.76342103661916	1.68399243503673	0.201924410608008	0.241578162475752	chrX	73736480	73740100	chrX:73736480-73740100	547.523252	428.765917	534.194973	300.129985	268.177608	245.837611	667.730187	703.221574	521.018941
20634	0.16932196363521	4.72802594264097	1.66470889855718	0.204473169070412	0.244430943522947	chr2	179988390	179990040	chr2:179988390-179990040	511.02171	478.159426	618.728566	194.714209	169.891879	146.594755	680.285924	636.621934	681.315848
32142	-0.177160096250524	4.48624897391635	1.65131513909798	0.206266504444445	0.246408467051618	chr8	3554640	3557060	chr8:3554640-3557060	446.636871	545.513785	510.042442	166.835722	153.165323	169.534745	443.781298	487.501212	540.976441
10951	-0.146162774264333	5.31350920826368	1.63222865799037	0.209021360261352	0.249475160673797	chr14	79582160	79584850	chr14:79582160-79584850	744.479639	881.825328	1001.023481	328.226362	324.301386	260.435722	940.66773	760.178655	918.895276
13761	-0.186597912666866	4.51667579023617	1.61920204358318	0.210644929370276	0.251243695611872	chr16	90307660	90309160	chr16:90307660-90309160	542.453555	478.965186	531.353611	174.676585	117.776958	178.121765	542.582381	443.998522	523.566617
26086	-0.17825570311813	4.57979561224305	1.58957841217952	0.214785041573889	0.255788146082281	chr5	113034920	113037020	chr5:113034920-113037020	608.359054	508.43991	494.888208	192.100622	138.235847	166.835826	476.714968	537.282852	569.426364
14160	0.169222373746912	4.6629366724992	1.56125569843213	0.218837010368644	0.260188897186674	chr17	11351960	11354520	chr17:11351960-11354520	471.731854	535.381636	496.782475	190.358298	199.059706	164.873078	688.313398	661.064091	523.566616
17149	-0.166257343251224	4.65464902419878	1.52264898816397	0.22451292144027	0.266333043464759	chr19	24208970	24210640	chr19:24208970-24210640	585.67246	452.944334	508.266663	266.044136	274.951153	273.561881	554.315106	504.992225	469.108174
5053	-0.166458593116126	4.59747519483699	1.51437865311452	0.225752354006334	0.26770091891014	chr11	61545540	61547040	chr11:61545540-61547040	541.946716	522.716696	600.969594	165.093335	134.365289	134.450075	470.12815	565.537411	609.341349
4445	0.13211310216596	5.65755745236668	1.4891832917512	0.230756598524853	0.273130125922347	chr11	20151480	20153180	chr11:20151480-20153180	785.290816	907.270836	1207.621367	427.326141	452.860651	580.49099	1200.432201	1131.074777	1172.823589
370	-0.157161982122155	5.17970287043854	1.48491943555689	0.231372515183326	0.273763338868963	chr1	51741780	51744620	chr1:51741780-51744620	792.894871	738.250866	777.139837	345.650575	408.901732	249.272451	830.339832	682.815611	778.343763
7553	-0.162612526968984	4.61966523196474	1.4615465635188	0.233873350430692	0.27644981740346	chr12	72648900	72650760	chr12:72648900-72650760	455.255434	533.30934	539.404391	238.710129	246.612836	278.223448	543.40564	439.065042	526.11432
35204	0.113782986045738	5.63367036440338	1.4591123346639	0.234256199692358	0.276840795043331	chr9	43723400	43725980	chr9:43723400-43725980	1054.489467	865.361416	971.306959	434.295528	474.978379	446.531562	1105.747397	1138.250528	1226.32651
21289	0.137118779428719	4.9937026909784	1.4144645094438	0.241419056566266	0.284609651749039	chr3	84644480	84648690	chr3:84644480-84648690	579.335472	647.984809	660.640037	271.271388	263.892271	228.050055	745.124396	749.639532	803.927354
4718	-0.141869575132612	4.9333554378815	1.40285736259642	0.243325908312827	0.286612436483846	chr11	44763820	44766530	chr11:44763820-44766530	675.152043	563.474868	698.644549	256.134179	298.589353	292.944161	584.778949	704.67928	657.536536
29489	0.0998093218121761	5.85541722001494	1.38969496013106	0.245511191675984	0.289003476754571	chr6	133986520	133989360	chr6:133986520-133989360	1051.954798	1077.902379	1152.213089	617.467111	596.072855	614.103587	1406.268049	1281.540213	1203.608974
8489	-0.11287446660945	5.49600609828511	1.38299956716097	0.246632258234248	0.290194597330967	chr13	11910740	11913180	chr13:11910740-11913180	891.753538	948.028528	965.387425	449.323993	460.8784	405.55861	869.449084	995.408331	1011.03958
35658	-0.143115336759909	5.06505700008672	1.36981110631643	0.248881610118817	0.292572918716882	chr9	62485280	62486800	chr9:62485280-62486800	753.351828	772.101026	824.734851	201.901697	141.277016	131.751311	830.340279	797.851762	727.388066
26163	-0.13509583558752	4.95474560138067	1.35411325885371	0.251543532313056	0.295356849072374	chr5	113936740	113939680	chr5:113936740-113939680	600.247563	624.496909	694.264387	317.11862	320.154265	311.590593	600.215941	729.682051	606.36912
33314	0.135854630591529	5.06988845851009	1.34920589596791	0.252390115803723	0.296266737923253	chr8	78491380	78493980	chr8:78491380-78493980	697.331707	759.206172	702.788482	145.926827	138.512317	144.509205	1017.650685	823.414712	784.50065
14601	-0.1375693605733	4.97909630269003	1.33796137879049	0.254343575327136	0.298399745208315	chr17	29453560	29456090	chr17:29453560-29456090	670.589428	628.871932	788.742752	242.848291	193.253747	261.662558	683.167747	701.539964	715.180087
32746	0.132285294668107	5.1999106053978	1.3018155290639	0.260762191614019	0.30521793679606	chr8	36538740	36540300	chr8:36538740-36540300	785.290596	738.020944	750.856331	264.410612	215.924431	191.125311	1021.355551	862.657254	876.220417
10917	-0.130013809118925	5.19401737401796	1.29164408657203	0.26259534787098	0.307061278173537	chr14	77517320	77520010	chr14:77517320-77520010	753.985152	824.25746	836.692272	315.811735	234.586244	260.313118	712.190513	805.924164	927.918727
31630	0.135855158061405	4.89338142153002	1.2532027120833	0.269704895980132	0.314537353612339	chr7	122395520	122397400	chr7:122395520-122397400	606.077836	493.01179	633.172561	252.21373	253.524579	270.863012	640.559985	704.791105	763.693843
31141	0.0984734108287555	5.82387212984822	1.22420801324848	0.275231484079558	0.320381136555855	chr7	90024040	90026190	chr7:90024040-90026190	1083.7666	1061.091518	1246.218106	447.472763	528.199095	428.375966	1388.360068	1362.828026	1265.073865
19806	-0.138333359292591	4.8879404861463	1.20341517618074	0.279284963020106	0.32464139248174	chr2	149982320	149983990	chr2:149982320-149983990	527.878387	637.967582	761.630561	234.136317	264.445233	227.927285	681.52125	591.101035	659.022932
26814	0.127300170686617	4.99012489683715	1.15339615475101	0.28935833728652	0.335156967054107	chr5	134409560	134411500	chr5:134409560-134411500	655.50736	646.602917	623.701056	194.714228	248.824545	232.588866	790.408263	851.220919	692.143983
7211	0.133118670509461	5.11847693016099	1.15091804727509	0.290022402965379	0.335832041777994	chr12	21428460	21429960	chr12:21428460-21429960	649.930427	657.195451	646.432828	417.742776	263.754083	385.685502	799.464596	856.602804	719.744637
7662	0.116383674855029	5.491768325522	1.14208595990686	0.291939875314741	0.33782107057368	chr12	79012460	79018980	chr12:79012460-79018980	774.390686	903.586339	878.485677	403.585598	398.119286	572.394545	1106.159535	946.972155	1011.889022
17063	0.110661105423278	5.69285720933057	1.13452163287851	0.293889315813611	0.339854909235863	chr19	14662860	14665170	chr19:14662860-14665170	1033.070061	1052.227093	888.19399	564.541134	397.842721	535.224431	1105.130778	1222.004813	1240.551156
12460	-0.120264136416234	5.15277391522735	1.08339933769067	0.304269475305863	0.350616217943898	chr15	97596930	97598430	chr15:97596930-97598430	809.87843	696.111455	734.991959	363.510221	282.830591	331.463738	812.638119	789.330054	684.288287
34172	0.117474919448831	5.18078728917532	1.05836609238674	0.309848655246998	0.35649315701718	chr8	116971820	116976200	chr8:116971820-116976200	620.019359	623.575997	800.818862	350.660285	389.825076	405.313193	739.360881	964.687204	751.167027
12932	0.100587334628532	5.59513035324637	1.05646244609084	0.310278480846404	0.35694353544697	chr16	13728960	13731800	chr16:13728960-13731800	874.516915	1013.426197	1026.241909	365.034788	432.678225	346.920652	1168.733245	1247.231401	1043.523206
18658	-0.133451402566905	4.87952858027948	1.05251463608518	0.311172400851076	0.357817004285714	chr2	57234080	57235580	chr2:57234080-57235580	653.986219	571.995032	616.597636	237.403283	263.754092	348.883406	615.036298	555.670566	690.870292
10933	-0.0980552372351843	5.59755608967192	1.025582990091	0.317363611216379	0.364406924119048	chr14	78721230	78723000	chr14:78721230-78723000	1035.224128	958.621123	1191.75698	391.497665	312.274832	329.13296	1095.45636	1151.929156	1046.071605
18562	-0.112361584600401	5.23038610165807	0.993998110814627	0.32483758922149	0.372047238855607	chr2	38553460	38556920	chr2:38553460-38556920	694.543529	854.768835	800.819113	359.80819	367.707397	331.218464	768.177786	946.747982	695.540964
15130	-0.113248990517198	5.04762016547628	0.992648147645603	0.325162312713962	0.37240769107351	chr17	53563100	53564620	chr17:53563100-53564620	664.632529	679.76213	708.945094	319.29667	284.489404	362.868241	699.428952	757.039344	647.133269
18800	-0.142091702526669	4.62910860667797	0.984765394627658	0.327067271380938	0.37434974274988	chr2	68822480	68824100	chr2:68822480-68824100	449.171804	578.903069	503.88634	240.016846	302.460116	212.961148	449.544324	504.992081	584.713098
19992	0.113616537787117	5.14855273874644	0.93278671901849	0.340017819623002	0.38760802092943	chr2	156449740	156452760	chr2:156449740-156452760	706.203587	721.210907	761.985401	269.202258	174.730109	255.160786	810.167512	951.232403	864.967552
32942	0.117385784039413	4.92135892240571	0.899625914646593	0.348650860004324	0.396550250572006	chr8	48810060	48811560	chr8:48810060-48811560	570.843885	571.994842	586.761907	302.74402	293.612885	298.832612	793.701413	585.719022	695.116593
25205	0.117004235872568	4.77526628352881	0.898701462316088	0.348895865505967	0.396792525406538	chr5	32961050	32962760	chr5:32961050-32962760	498.093829	574.758312	578.947948	183.715304	200.303778	233.69293	643.441795	670.257994	669.744922
33264	0.108435026312595	4.9801748788254	0.895504434159612	0.349745016504155	0.397624548175312	chr8	73336160	73337790	chr8:73336160-73337790	617.231117	636.470988	587.472365	284.88408	275.504111	295.397734	703.751179	711.630869	786.517344
13669	-0.124246761611345	4.57690881241915	0.878968204272908	0.354183485343384	0.402215877302991	chr16	59544700	59546360	chr16:59544700-59546360	495.305775	471.596604	599.548388	171.191731	181.365449	185.482315	554.108982	521.585728	512.52635
28097	0.0895500005171087	5.62814617414023	0.860271181269912	0.359297521671084	0.407488623495586	chr6	53799020	53803120	chr6:53799020-53803120	1077.810246	1006.747708	952.363411	317.554307	344.483801	398.934245	1069.520568	1327.958741	1194.479242
27926	-0.0982933954541044	5.25688045731672	0.85586919173336	0.360516649082186	0.408734212856617	chr6	47776400	47778920	chr6:47776400-47778920	805.822356	733.415464	832.785254	353.273475	347.24836	398.443548	891.679358	769.373303	790.657853
36262	-0.118729991136278	4.78258336433021	0.847236349605124	0.362924511873065	0.411163412431102	chr9	103183750	103185820	chr9:103183750-103185820	520.780768	601.930319	585.933354	258.203267	264.168759	286.31991	483.09581	574.170573	687.579418
21083	0.0895914370090528	5.39855055320246	0.83746652475908	0.365677030255953	0.414004440103242	chr3	53456860	53458380	chr3:53456860-53458380	775.40457	789.601791	843.677401	435.602353	446.225348	425.431641	856.68731	965.808963	1018.25842
9349	0.0972568609828473	5.16101306416802	0.828915871993677	0.368110429855835	0.416493280503188	chr13	65980160	65981680	chr13:65980160-65981680	657.028134	681.604068	699.473621	379.845465	381.530897	341.032271	791.643477	847.633058	776.857475
36323	-0.0921115970000609	5.51115917686452	0.823524317606425	0.369656649627316	0.418102865245464	chr9	106643220	106646920	chr9:106643220-106646920	1042.829404	973.588682	1110.064814	271.380385	204.03614	221.302974	1048.937487	1215.837731	986.410831
24998	0.109570277364577	4.88968085099513	0.813074735554854	0.372679929162786	0.421163865029507	chr5	21730440	21733880	chr5:21730440-21733880	560.451032	571.073922	547.691747	292.289183	341.995532	276.751437	612.154726	729.906249	669.21422
23521	-0.118523616066156	4.89308730244179	0.808409206530417	0.374099746687155	0.422575859231126	chr4	119814460	119818000	chr4:119814460-119818000	522.682012	698.183665	674.847311	311.020119	213.989141	249.272476	663.613746	592.446141	673.884728
1519	0.111797802083091	4.74804072893329	0.800942194700005	0.376234711011664	0.424755345871309	chr1	151543490	151546380	chr1:151543490-151546380	528.258476	537.569394	577.527195	192.862953	180.397823	188.058366	720.218134	640.433875	603.715235
25830	0.117125744601331	4.74198696815728	0.795943901798123	0.377713358109699	0.426166049688289	chr5	100336140	100338740	chr5:100336140-100338740	511.782258	599.627589	597.891066	155.292263	129.665252	107.952686	629.445054	758.385307	666.878387
13621	0.119778178941634	4.72709221739209	0.787974487539234	0.380088318581411	0.428546757161688	chr16	49860960	49862500	chr16:49860960-49862500	497.8406	535.151469	512.884251	237.185535	275.365894	187.935861	657.02688	640.434104	563.481457
5184	0.0952647575573539	5.24576733676634	0.786367517941289	0.380569819774948	0.429017499710891	chr11	68779300	68781020	chr11:68779300-68781020	684.911611	682.06462	815.736785	340.423302	412.219417	383.231955	757.062547	914.232841	911.252275
14146	0.124386890010724	4.74321260729612	0.784041557159407	0.381355444660217	0.429858191249837	chr17	10439140	10442770	chr17:10439140-10442770	610.767116	479.77098	521.40855	229.671313	187.447828	173.583034	520.763506	684.721744	748.619786
6240	0.0815028356535021	5.65128903649031	0.783659907355543	0.381383105132854	0.429863322926106	chr11	101679780	101682980	chr11:101679780-101682980	1108.481474	1058.098504	1042.580267	301.001413	246.612771	286.319889	1160.500255	1307.104071	1301.910406
16197	0.0730176309946803	5.91796239556254	0.782782894811957	0.381647072313334	0.430056617058412	chr18	53263300	53266460	chr18:53263300-53266460	1251.69914	1132.245878	1196.492771	560.18488	512.302173	568.223661	1418.205645	1371.910329	1384.7127
12680	0.0800088952846751	5.83633370267166	0.764383508014535	0.387246632507511	0.435746157828513	chr15	102211160	102212660	chr15:102211160-102212660	1185.286307	1116.81737	1085.438184	583.489738	447.884239	484.80569	1347.810516	1333.788858	1290.445252
28818	-0.113068189552121	4.82614384581156	0.761532388977786	0.388125000897117	0.436615688276759	chr6	99262720	99267100	chr6:99262720-99267100	528.765605	581.66619	689.291571	215.187623	241.636301	300.304829	577.162495	706.809434	557.536988
34720	-0.109048673653321	4.78408042799483	0.746514936767535	0.392799940257783	0.441367575044269	chr9	3375720	3377260	chr9:3375720-3377260	507.47294	559.099785	632.698877	280.963873	277.024676	266.937603	595.276068	513.961889	631.422296
27617	-0.107747528835692	4.81736046869838	0.738580361744957	0.395303366073655	0.44392579941957	chr6	29019590	29021380	chr6:29019590-29021380	560.070659	603.542236	647.616621	226.295463	246.889296	220.444188	618.741339	541.094937	699.043999
1384	-0.105652380526291	4.88587989264767	0.734553388888028	0.396582897644769	0.445201457572676	chr1	135539740	135541270	chr1:135539740-135541270	516.344962	633.938022	650.694769	269.529059	317.665984	341.277728	596.511026	686.179213	570.275595
15329	-0.114945676847104	4.85650172928768	0.734105136151766	0.396788550936712	0.445405444050217	chr17	70886440	70890540	chr17:70886440-70890540	619.00528	634.628624	565.450992	281.834722	194.083141	322.876686	626.562995	643.573335	594.054919
32141	-0.104305653570131	5.01682320594277	0.731223349834908	0.39764560243996	0.4462463318185	chr8	3551340	3554560	chr8:3551340-3554560	638.777389	745.619595	678.635736	269.202274	310.754253	242.402788	612.56645	701.876402	814.436961
1554	-0.0943786146593379	5.07602465074466	0.71432251017328	0.403104600007964	0.451596104886971	chr1	153039470	153041160	chr1:153039470-153041160	649.803792	687.821439	761.867068	329.315568	332.180769	289.509503	744.712511	703.221873	727.06944
32903	0.111372095670525	4.82224210223942	0.712351607769383	0.40374843474034	0.452222070461341	chr8	48195410	48197100	chr8:48195410-48197100	533.581748	556.45137	564.267274	269.202239	274.259916	211.979786	765.090273	636.397936	575.159136
19457	0.0819782371671491	5.65282282702867	0.70712033759401	0.405464777580902	0.453925828239926	chr2	119854820	119856430	chr2:119854820-119856430	1085.66776	912.91219	1123.443376	382.567759	294.304093	363.358804	1270.210516	1228.843976	1159.447643
14088	-0.112083154199274	4.63474564036102	0.700616722855318	0.407613787480414	0.455961243632255	chr17	6891620	6894160	chr17:6891620-6894160	468.943456	594.100927	565.451089	164.657721	170.306589	213.942525	574.69252	578.991828	513.800223
25475	0.103620232320161	4.74510383952357	0.681668521826395	0.413973133918974	0.462352018715641	chr5	64595200	64596700	chr5:64595200-64596700	508.993732	504.755543	535.142283	275.300638	246.612819	245.837624	540.935568	674.070043	631.422213
10367	0.0924987663174096	5.26178301054816	0.678921724042957	0.414907385777325	0.4632285826385	chr14	40891920	40893740	chr14:40891920-40893740	630.158544	826.675111	750.619436	351.531112	347.248519	450.947861	918.849817	837.766606	847.133536
18629	0.0902200067772142	5.11326864379608	0.671430416778857	0.417471621216854	0.465811890216323	chr2	51087340	51088940	chr2:51087340-51088940	623.060973	651.899172	691.659547	358.283024	323.471907	410.220162	784.64461	788.433667	744.797911
13719	0.110402930486934	4.75039288274941	0.670057635392574	0.417944118612201	0.466227240734197	chr16	84768720	84771680	chr16:84768720-84771680	462.352901	453.865664	658.50913	243.501728	213.159757	276.015297	624.504777	580.785738	669.851045
20856	0.108039157376908	4.70688132336934	0.669573144379118	0.41811106915483	0.46637152834374	chr3	27935220	27936720	chr3:27935220-27936720	445.116381	579.363622	489.678672	220.850452	264.306977	243.874955	639.736846	567.331352	599.575353
28979	0.0977356968152836	5.12491749388232	0.646278808688569	0.426329063396179	0.474527996279987	chr6	113505220	113506910	chr6:113505220-113506910	662.857949	689.203252	803.423817	240.234705	265.412872	210.507697	1009.622751	796.169684	740.126653
28676	-0.0881230239102505	5.4498570116086	0.625712817831045	0.433923702849736	0.482072661606033	chr6	92811190	92812960	chr6:92811190-92812960	897.456728	943.883924	853.267564	455.85816	381.116274	428.130311	1117.274726	821.060858	866.878679
22789	0.0840836908006379	5.16032153138011	0.616857189119845	0.436904812366314	0.484979071637937	chr4	53849260	53852100	chr4:53849260-53852100	749.042359	673.774955	744.937088	274.865138	294.165825	269.145618	871.095429	840.457443	834.181824
10167	0.0882242408911796	5.3185285051672	0.590082654576423	0.447064147892759	0.495045138913364	chr14	25592600	25595600	chr14:25592600-25595600	836.494001	681.143548	769.56288	362.421142	494.05472	355.017038	887.562149	873.420749	935.243564
21556	-0.0986034159437042	4.76724433971889	0.587510858957792	0.447941468658265	0.495942814588464	chr3	95642860	95644380	chr3:95642860-95644380	594.164335	551.961459	522.118955	254.827395	292.506977	266.446837	578.39764	646.039612	505.944449
27667	-0.0933564164694358	5.07771434032143	0.571073606753031	0.454371558026991	0.50231454853492	chr6	30195340	30196980	chr6:30195340-30196980	676.292695	753.218375	658.745631	312.326882	386.231032	269.390944	745.536058	785.294152	640.551671
21557	0.0701845232633042	5.57246942787605	0.567732825326004	0.455630512719752	0.503481933699794	chr3	95644840	95646380	chr3:95644840-95646380	957.152078	916.020686	960.414425	436.038038	397.566335	428.866575	1109.864992	1182.65039	1005.519776
12592	-0.0993049461699816	4.6402562470196	0.557159691979	0.459827987510993	0.507487448901595	chr15	100260840	100264490	chr15:100260840-100264490	511.148501	459.622572	593.629167	216.167644	203.483207	262.030545	490.505787	573.610189	552.865865
30624	0.107106517016388	4.89399319373542	0.536608771340623	0.469172404292525	0.516665955356028	chr7	45228120	45232020	chr7:45228120-45232020	622.047188	648.445385	523.776398	286.191061	169.753652	213.451838	811.81517	640.882513	690.020976
25363	0.105049865160099	4.69670014786601	0.529640122208017	0.471152976910861	0.518581594963589	chr5	38701560	38703200	chr5:38701560-38703200	509.500736	525.710205	548.165399	200.15924	215.647952	137.148874	733.597874	600.519226	548.832026
33811	-0.0863997348123174	5.05343406923792	0.509075154838087	0.479735353656227	0.52711242529104	chr8	95608940	95610690	chr8:95608940-95610690	730.664914	700.371473	751.804044	184.36874	232.37449	267.550803	846.806692	674.518932	752.75941
15706	0.101055927212472	4.77806033378341	0.506732606359653	0.480963092587792	0.528305389853527	chr18	10600940	10602580	chr18:10600940-10602580	554.113938	553.573244	601.91673	192.318478	209.842037	114.822363	657.438359	703.894433	670.063056
11588	-0.0895448377657362	4.74475009090566	0.501331034525446	0.483074507189038	0.530405401799267	chr15	41664180	41665940	chr15:41664180-41665940	533.581567	586.041493	540.351576	256.787729	267.900928	233.815716	528.997391	570.021978	631.421904
6365	-0.0842414959303359	5.02526891204656	0.489444507591589	0.488276193842092	0.535484621721298	chr11	104309040	104311750	chr11:104309040-104311750	618.371895	714.302993	686.213148	257.005432	318.357201	342.749762	596.305405	807.493878	709.765941
15607	-0.0753146084089096	5.25604070996571	0.468066082643683	0.497873861938642	0.544821819271954	chr17	87698550	87700280	chr17:87698550-87700280	842.704088	710.848592	797.030486	393.131305	347.663176	355.507751	699.429112	878.354292	899.787233
15571	0.0543448069254108	6.17709674067392	0.460533110909594	0.501332948701078	0.54827141627092	chr17	86750140	86751990	chr17:86750140-86751990	1349.79709	1471.436584	1486.204127	601.131699	700.441036	691.142761	1455.050599	1671.385017	1832.164333
12459	-0.0569552509319437	6.00577058120619	0.454236581175457	0.504256259680006	0.551028112356291	chr15	97594220	97596440	chr15:97594220-97596440	1339.911341	1360.445248	1272.501904	644.692054	568.978719	543.68908	1462.254709	1364.73438	1406.793317
12591	-0.0600628964553049	5.79275907554886	0.436820192303881	0.51249896803751	0.559339361735877	chr15	100257320	100259980	chr15:100257320-100259980	1140.166587	1141.687017	1106.749855	588.499198	493.778547	522.589097	1040.703846	1295.667542	1273.460178
22582	0.0705134926355012	5.28336575201634	0.42848477877676	0.516528185302683	0.563214182884039	chr4	41099140	41102590	chr4:41099140-41102590	751.450778	831.626485	699.592039	386.706173	332.180792	382.741378	935.110275	845.502979	877.175924
7148	-0.0858870584016952	5.07488497801979	0.416659747937194	0.522846454089876	0.569319314107172	chr12	16579940	16583040	chr12:16579940-16583040	677.813576	706.473574	694.264173	404.238996	238.318648	328.274229	741.831042	811.305968	618.258681
26865	0.0503888187014241	6.17191526090657	0.41329633360554	0.524016767447735	0.570426702349259	chr5	135642360	135644840	chr5:135642360-135644840	1416.969831	1490.318678	1649.705859	475.895831	454.796042	508.359087	1509.597493	1888.114563	1832.483561
14193	0.0829856248440655	4.92704135441542	0.391233215215819	0.535330589529151	0.581313834085344	chr17	12999800	13001380	chr17:12999800-13001380	526.737905	591.798318	653.536352	353.709354	211.777339	310.609304	689.960259	729.233951	657.324446
2925	-0.0875881036284353	4.53647638373917	0.390929927562368	0.535407786932076	0.581368745956679	chr10	60140950	60142720	chr10:60140950-60142720	504.177756	499.113973	567.582161	156.816858	121.094597	105.253762	518.705008	556.231395	562.101337
3757	0.076864201008941	4.96500144063697	0.380431430276549	0.540912485636441	0.58661092992782	chr10	108286440	108288420	chr10:108286440-108288420	611.907881	569.692409	668.217093	287.497575	260.436339	290.981514	850.511383	618.906471	685.350206
8323	-0.0737522282678483	4.90510228200459	0.360396225138753	0.551716268537549	0.596790340774517	chr12	111787640	111790860	chr12:111787640-111790860	596.192068	630.023415	630.804732	233.047269	290.295336	306.193103	564.812577	660.615773	731.634428
32459	-0.0719869003769621	4.86428454819201	0.340422239192757	0.562903462804905	0.60761574289519	chr8	23153280	23154940	chr8:23153280-23154940	576.420206	649.826934	584.867765	243.066139	247.165721	298.832582	554.109128	664.203249	694.267357
5041	0.0646514292856037	5.27478875565447	0.337767295635509	0.564423593042362	0.609086525148305	chr11	61446810	61448750	chr11:61446810-61448750	820.270954	727.197885	732.150423	344.997098	335.636647	403.350421	737.714163	912.663526	999.149758
2170	0.059045086831822	5.22441997033557	0.323381716883108	0.572802573680916	0.616980392976419	chr1	189849650	189851580	chr1:189849650-189851580	724.074	735.717708	706.577233	366.886052	357.063275	410.097654	822.930065	839.784672	840.020683
11749	-0.0709181171175704	4.89512275246194	0.312621446183432	0.579233456207469	0.623111836853936	chr15	62161760	62164400	chr15:62161760-62164400	637.509908	593.41019	604.521271	305.139489	306.607178	219.830923	637.266503	647.161267	653.502712
35337	-0.0516829612147875	5.55033393423503	0.301965667184914	0.585747290271016	0.629283818963736	chr9	48990540	48993560	chr9:48990540-48993560	981.486012	941.811333	929.158398	480.905119	439.037107	440.643206	987.186226	996.08137	1069.213449
29705	0.0461063987407825	5.95982421233967	0.300497770998072	0.586656350482098	0.630023944108257	chr6	143114020	143117760	chr6:143114020-143117760	1171.091327	1234.716633	1310.38844	593.726723	547.966834	570.186381	1544.589473	1423.485803	1276.432816
11490	0.0696242842938857	5.02225819106767	0.299691275404212	0.587206420596323	0.630487284011607	chr15	36928600	36930830	chr15:36928600-36930830	583.644646	698.75958	622.043432	308.188657	294.857119	320.79114	892.91405	610.16153	705.519688
33560	-0.0765927687094451	4.78239559965823	0.297703621791055	0.58847978664887	0.631763344363781	chr8	86893730	86896500	chr8:86893730-86896500	482.378162	579.133163	669.51957	294.576086	216.062649	209.158177	657.850017	516.428351	636.093138
21964	-0.0554588383416336	5.34176644427738	0.2963032235307	0.589270085297397	0.632502265405622	chr3	122446880	122448680	chr3:122446880-122448680	810.385297	904.967506	842.967508	361.767756	325.130797	312.817346	927.49473	931.275511	869.426269
2640	-0.0532749840952575	5.41194114988117	0.277717283591442	0.601149519330201	0.643897160405358	chr10	34246760	34248460	chr10:34246760-34248460	899.357653	799.503244	1042.816818	311.020188	331.766103	300.304675	906.499425	1062.456579	956.687514
19563	-0.0711565209829128	4.89084139062605	0.275811406328112	0.602514689217772	0.645229376902515	chr2	127838140	127840100	chr2:127838140-127840100	646.634964	643.378995	725.046706	130.68072	128.28287	200.939182	834.045228	639.53704	645.010267
21599	0.0369821804625944	6.29761289173987	0.254026939760471	0.617054342526523	0.659014881605308	chr3	96343160	96344840	chr3:96343160-96344840	1481.101675	1609.368962	1722.16286	644.474324	615.149395	699.729486	1887.099593	1803.799439	1771.12417
32774	-0.0602825214682919	4.86453300628815	0.236403282331749	0.62950347888184	0.670656804644604	chr8	40967120	40968620	chr8:40967120-40968620	644.860823	576.600768	676.268069	183.82422	175.28307	241.421289	610.919608	713.536524	693.418199
30739	-0.0448564688543345	5.47015120347049	0.227478390158387	0.636028909745605	0.676698092226979	chr7	49914160	49915900	chr7:49914160-49915900	895.809191	835.425638	914.004172	449.977171	471.107761	468.12207	932.022637	946.748131	962.632139
11642	0.056851685686407	5.06720195259956	0.223285207261477	0.639149329317517	0.679648759496348	chr15	55276540	55281610	chr15:55276540-55281610	628.257551	630.483881	676.741557	319.514325	392.727874	325.452796	854.011567	731.700179	640.870181
10349	-0.0598654342451754	4.94344559731837	0.221524772939631	0.640470109973795	0.680839179450128	chr14	34693240	34694960	chr14:34693240-34694960	594.164206	710.388307	651.642492	198.634684	282.001106	251.480718	740.184366	747.396939	591.082521
20751	-0.0553202564083574	4.88381953006375	0.20480410302431	0.653347313771505	0.693023144942804	chr3	9597350	9598960	chr3:9597350-9598960	564.506722	589.840628	631.870333	295.011955	275.642322	314.902918	523.027423	714.433432	669.744938
29755	0.0550924073279725	4.90820123953908	0.202711723208049	0.655003070362954	0.694581423196628	chr6	145272880	145277240	chr6:145272880-145277240	561.211274	589.495625	584.631078	341.076818	258.777464	324.593895	622.446625	645.142904	730.784999
12933	-0.0609491903562652	4.51161115086355	0.19583125049696	0.660521553003797	0.699854883508181	chr16	13733080	13734600	chr16:13733080-13734600	524.963151	504.064651	515.962439	109.989614	131.047491	100.101478	491.123176	561.276567	591.082385
8868	0.0631414707068735	5.64606411479964	0.199281733697725	0.660564241081833	0.699880181957841	chr13	44675680	44677400	chr13:44675680-44677400	1049.926295	861.9072	1035.949747	606.794905	371.025063	439.907343	1233.777384	981.281353	1192.143843
33025	0.0554174983469032	5.07841143155943	0.187802568322561	0.667237857712297	0.706046202963198	chr8	64365620	64367260	chr8:64365620-64367260	692.515726	670.090686	642.407422	377.449684	249.653907	296.379278	878.094054	724.748967	704.882751
2841	0.0448425271560258	5.62899843586126	0.175402412165375	0.677889399967657	0.716196936697336	chr10	52278180	52279760	chr10:52278180-52279760	937.887245	948.719134	1093.489823	497.022454	321.260219	493.147574	1095.86775	1197.001863	1110.402597
3896	0.0520613192663297	4.82104920388842	0.169176148099083	0.683068867064005	0.721116202233593	chr10	117914560	117916360	chr10:117914560-117916360	592.89688	563.705085	523.539255	272.251462	216.753837	278.468798	605.155848	713.985151	616.348052
14698	-0.0375018104116308	5.60209462467306	0.16374467801128	0.687915667153349	0.725635859387041	chr17	31426200	31427700	chr17:31426200-31427700	1029.140926	1040.367754	1005.877879	357.629763	376.554492	403.350535	974.836762	1185.789611	1166.454094
24521	0.0452568520554856	5.19893123091802	0.159603954246268	0.691674074710654	0.729145551514745	chr4	146914620	146917140	chr4:146914620-146917140	720.905787	796.279699	801.055541	241.977105	257.94812	235.533064	1033.70568	793.815377	815.923482
21801	0.0509881097388259	4.79966569105159	0.158127469843894	0.69302794184714	0.730389280056404	chr3	105450110	105452760	chr3:105450110-105452760	494.418676	497.501964	621.925398	275.082892	324.439617	260.190367	651.880798	572.712836	621.761853
17976	0.0508922171273054	4.78505994692951	0.156582019717683	0.694452934298033	0.731681055181194	chr2	17967350	17969100	chr2:17967350-17969100	550.058127	583.048005	543.666443	218.890388	208.59789	244.365558	668.965102	543.000798	711.464781
5034	0.0471993570480064	4.78914382373428	0.142546542290819	0.707784152923855	0.743957210123518	chr11	61181080	61182640	chr11:61181080-61182640	548.283727	578.672659	640.512935	159.648291	148.188866	194.560053	689.548394	621.373454	708.491982
7528	0.0465697467390783	4.8358794353981	0.138435200795318	0.711830926622337	0.747640505462102	chr12	71295610	71297860	chr12:71295610-71297860	613.809317	502.798224	576.343372	278.023231	265.136322	252.216575	667.524321	588.073261	681.422011
24856	0.047438650938087	4.75487044984079	0.13755484922956	0.712706344423454	0.748454317045123	chr4	154673880	154675520	chr4:154673880-154675520	554.114123	554.033882	597.654375	175.112156	147.359393	207.563531	690.783995	658.14892	602.335266
13038	-0.0479451361543487	4.83315358146649	0.130679463245573	0.719655705102988	0.754836077594561	chr16	18784360	18787720	chr16:18784360-18787720	658.042098	509.130957	581.079187	236.967681	233.618633	319.196343	563.577358	611.730952	702.122966
29706	-0.0510630362088686	4.60827967252936	0.129897000967084	0.720459623132903	0.755572789453706	chr6	143136760	143138390	chr6:143136760-143138390	528.638966	530.891427	612.216756	77.319432	139.34172	104.027043	582.102418	617.112919	586.836113
28817	-0.140460790189919	4.34056685632989	0.133193217165103	0.724105717486182	0.758968706870447	chr6	99240180	99241700	chr6:99240180-99241700	440.806984	527.091818	556.926709	44.431456	0.276472	32.631125	505.943466	557.016295	467.728117
7348	-0.0398422984856873	5.08220108165227	0.120641075497567	0.730184703082268	0.764607989816375	chr12	39995740	39997280	chr12:39995740-39997280	736.621678	688.052128	724.099359	261.361676	290.848204	231.116801	747.594581	861.087452	710.403036
28130	-0.0507836982160811	5.04467087582219	0.116559986572255	0.735431183471208	0.769365571393721	chr6	54708090	54709590	chr6:54708090-54709590	821.79202	660.649588	750.383165	227.384423	114.459297	146.472107	775.588359	748.966998	865.817278
7660	0.0263274012490665	6.20568371780293	0.115679787479665	0.735570829536106	0.769468388710871	chr12	78999280	79002020	chr12:78999280-79002020	1468.17338	1338.799425	1518.762036	737.039985	705.002704	825.838093	1523.18245	1787.205362	1574.945956
256	0.0290142893018964	5.8950436963347	0.114800376980042	0.736538953949784	0.770351168944723	chr1	37083200	37086340	chr1:37083200-37086340	1250.684934	1263.27082	1289.077005	424.276761	335.083738	384.213357	1300.880052	1521.254355	1482.376814
16092	0.0565149114863912	5.04897080897055	0.113291340729047	0.739940290546151	0.773343404398268	chr18	38563540	38566480	chr18:38563540-38566480	697.078339	830.820408	648.327066	214.752011	126.071131	104.02703	864.508974	882.614729	764.755452
18358	-0.0429902533731247	4.8364929673802	0.104018091966588	0.748761484867514	0.781246032993882	chr2	32077500	32079340	chr2:32077500-32079340	601.515288	558.409185	581.079247	290.98232	196.571443	323.367336	600.627895	622.046074	651.379616
32430	-0.0263215687381789	6.09841721098349	0.101154736962298	0.752124211910642	0.784226817558865	chr8	22426240	22427800	chr8:22426240-22427800	1394.409901	1305.410158	1436.833066	609.190287	672.379067	723.52843	1627.3353	1368.321969	1498.51313
19458	0.0246004736259058	6.05614997988186	0.100212216741831	0.753242581721697	0.785194874140701	chr2	119856680	119859280	chr2:119856680-119859280	1282.370337	1359.984276	1436.832981	521.634025	589.990553	559.145866	1440.436603	1637.860477	1519.532437
30872	-0.0382352025705146	4.79927058659784	0.0913007709258373	0.764115762355938	0.794814553188679	chr7	72325210	72326960	chr7:72325210-72326960	696.698107	601.469735	563.556935	142.441986	142.93588	147.208126	709.720453	627.203659	675.264721
16131	0.0337154530355431	5.06049980021059	0.0880730418299152	0.768196759643731	0.798612955251621	chr18	42363520	42365280	chr18:42363520-42365280	619.512486	671.932985	807.685935	223.028431	259.607002	226.455257	743.066034	802.560659	830.36049
21991	-0.0376764749602376	4.73525342897404	0.0728341175061325	0.788676656987636	0.816855942115205	chr3	126443160	126444840	chr3:126443160-126444840	497.587263	561.172054	639.802536	197.763489	248.824546	153.096419	605.979404	568.900671	653.715145
10953	-0.0275646687497775	5.25134524266578	0.070847039695281	0.791492368587965	0.819373760352687	chr14	79772880	79774380	chr14:79772880-79774380	740.170546	798.582384	827.57592	289.675579	347.248528	335.634591	866.155221	885.754126	818.683315
33435	-0.0249502773937555	5.55625671152347	0.0707005051051863	0.791702950704461	0.819568956064537	chr8	83818520	83820420	chr8:83818520-83820420	1027.113138	971.285731	958.520254	355.015909	348.354427	415.617774	1053.877426	1075.462787	1094.691238
7331	0.0297641694235805	5.15964088592205	0.0682085371360659	0.795320555968267	0.822741590012495	chr12	33426680	33428300	chr12:33426680-33428300	644.860741	643.839247	812.184502	383.765682	327.895413	368.020639	845.571589	705.463875	816.560227
20656	-0.020463059278153	6.15745824286252	0.0632498733394785	0.802735450931189	0.829397440970171	chr2	180739700	180742080	chr2:180739700-180742080	1366.273309	1407.420076	1580.326886	619.862241	633.673142	737.022442	1368.394083	1779.132631	1611.463851
3810	0.0196563369802427	6.06728317206618	0.0629440757532264	0.803202705848111	0.829788039626773	chr10	111573540	111577420	chr10:111573540-111577420	1296.819333	1373.570613	1361.770998	627.485657	636.990852	592.513108	1468.842265	1459.140138	1600.848138
28071	0.0311304252477037	4.87083538271613	0.054349859292834	0.816878948679487	0.841859817889264	chr6	52247760	52249580	chr6:52247760-52249580	614.949737	625.418163	489.20529	222.592736	277.024647	340.05093	629.856443	695.597203	639.914538
13721	0.0258488738725104	5.0708274493217	0.048916793983964	0.826098664084377	0.850325101597988	chr16	84778180	84780620	chr16:84778180-84780620	768.814086	646.83318	614.940027	263.103855	303.289455	315.516226	745.947497	805.251603	746.496385
14920	0.0259871749825225	5.1270028734632	0.048519298681681	0.826794983737404	0.850971211960554	chr17	45602920	45604420	chr17:45602920-45604420	803.034012	636.010423	631.278395	300.130133	367.707363	335.634632	798.641534	797.851527	745.222572
6704	-0.0199796037665215	5.33424035748589	0.0390034344345298	0.844454956000735	0.866486848451622	chr11	115969220	115971940	chr11:115969220-115971940	827.368367	721.901576	847.229579	409.901817	387.06035	447.512918	850.512175	903.917632	864.755211
5226	-0.0156018124144754	6.00916060022145	0.0349083911969939	0.852744378170516	0.873691366448215	chr11	69700400	69701990	chr11:69700400-69701990	1312.40775	1185.784309	1386.989023	648.612292	646.943292	565.524833	1293.881782	1495.354858	1471.336782
16659	0.0207601818485752	5.12964108624293	0.0345978659680276	0.853393053903115	0.874256521711167	chr18	81196730	81199580	chr18:81196730-81199580	711.526968	646.603314	694.855967	376.687138	339.230668	351.827631	830.339802	708.379461	767.303161
31531	-0.0238033167236779	4.89322780022895	0.034480487976002	0.853639036873711	0.874439437414273	chr7	114738130	114739630	chr7:114738130-114739630	636.749433	548.507249	663.718434	272.251431	239.148088	230.626073	718.777601	558.585721	733.545164
10464	-0.022553849876701	4.78719799061387	0.0334113446686716	0.855899836673333	0.876369259781797	chr14	48747280	48748820	chr14:48747280-48748820	527.751589	571.074011	585.341367	262.668236	253.248159	241.912036	629.856523	559.258451	645.434936
33137	-0.0147928047225137	5.87630405412409	0.0310747295486648	0.860974732261189	0.880620341272235	chr8	70271080	70273940	chr8:70271080-70273940	1243.080706	1160.569687	1158.369934	565.847774	559.02585	517.682281	1298.410354	1298.807304	1313.374971
5426	-0.0223000634061269	4.78552107672792	0.0286230415612949	0.866516040104547	0.885460443079724	chr11	77679320	77680970	chr11:77679320-77680970	487.828144	602.851328	617.544455	231.74046	261.956962	212.593087	709.514839	573.946231	573.779001
18159	-0.0221298890983183	4.75797641491538	0.0283422643758658	0.867166011923273	0.886027283486814	chr2	29074210	29077290	chr2:29074210-29077290	575.91329	563.705142	601.443006	172.498548	168.647745	210.998331	735.244267	549.840284	610.190802
16099	-0.0237736233560917	4.49847103244576	0.0263689726475668	0.871830589896658	0.890231010459577	chr18	38592210	38595190	chr18:38592210-38595190	548.28387	403.205741	573.738748	93.872319	124.412256	95.68531	529.40878	616.66445	516.347742
13762	0.0171359024611418	5.42052007827348	0.0256748498293293	0.873514760811679	0.891707967769641	chr16	90309260	90310900	chr16:90309260-90310900	951.828764	825.524168	874.223513	345.650575	385.125019	285.093175	1039.469079	1001.238853	934.394379
9359	-0.0151156430799307	5.24898069807675	0.0187975620232735	0.891645105178468	0.907202016522135	chr13	66264200	66265760	chr13:66264200-66265760	768.81444	648.215024	854.096414	408.377167	327.342539	408.01217	776.822988	859.742445	852.016556
5122	-0.017811981650578	4.82844847366398	0.0184401544074635	0.892673615746588	0.908024985614933	chr11	65109480	65112170	chr11:65109480-65112170	553.60682	560.251007	590.077217	320.16774	276.886425	236.023847	690.372134	541.206952	629.405262
10296	0.013057812073729	5.34151668535571	0.0150585755697298	0.902956490099419	0.916880355189653	chr14	32121360	32122880	chr14:32121360-32122880	903.66722	842.563867	866.409278	209.742595	248.548094	298.587323	871.919226	1043.619825	1011.464006
26192	0.0131071322830976	5.25237936527895	0.0144203040800821	0.905025061211887	0.918629819457311	chr5	114516380	114518920	chr5:114516380-114518920	707.724504	710.61856	940.997763	309.277632	278.683434	345.939256	897.442538	857.948152	873.460278
831	0.0106620459877933	5.67562100121964	0.013558497363358	0.907893258748929	0.920963238317036	chr1	87226640	87228140	chr1:87226640-87228140	1113.297521	998.9188	1075.020056	422.970076	364.38977	400.896993	1123.038612	1306.879815	1133.333042
13866	0.0119542331149624	5.40031980963759	0.0132578746539159	0.908915420760988	0.921748800103921	chr16	93463380	93465300	chr16:93463380-93465300	838.268583	873.190294	947.8646	322.345892	311.030706	296.869946	805.640262	1103.941696	1065.179442
5373	0.0131139990938441	5.02352127043634	0.0130221087067049	0.909725306429024	0.922419263229822	chr11	76308540	76310860	chr11:76308540-76310860	694.290206	574.06731	672.479531	289.239926	307.436614	335.880129	701.487044	707.706603	761.782862
18798	-0.0125148621337098	5.12816559047174	0.0109826619279738	0.91706705578362	0.928952049073745	chr2	68817990	68820350	chr2:68817990-68820350	597.712898	731.342992	917.31849	273.122683	210.671433	245.837679	785.468282	828.796994	843.73646
29000	0.00966922217145421	5.66926014551749	0.0100296823711436	0.92073332336407	0.932107515326392	chr6	114283460	114286160	chr6:114283460-114286160	1016.973907	950.56143	1248.822773	338.898581	422.44868	352.808964	1153.501833	1160.674314	1265.392006
18855	0.0124251257909567	4.86385298774111	0.00964842445107137	0.922249442165792	0.933362997001749	chr2	70804140	70806910	chr2:70804140-70806910	581.616818	556.451633	565.80636	268.004444	362.316175	272.335106	657.232408	645.703369	602.016316
21604	-0.0124243167581022	4.63552927219135	0.00839021941501178	0.927480429573831	0.937942630668507	chr3	96383500	96385820	chr3:96383500-96385820	465.141327	501.301465	591.261029	207.782364	164.2242	216.395906	575.51604	631.912843	500.636721
6364	-0.0124543997744124	4.6638370740886	0.00797598467520296	0.929288276362764	0.939541028888737	chr11	104304620	104306350	chr11:104304620-104306350	448.411361	519.492969	533.484805	231.413735	286.701227	261.04905	432.666161	675.752013	543.842697
25606	-0.0107778696482999	4.97642032605989	0.00775978547151028	0.930250652097995	0.940246790390262	chr5	73218440	73219970	chr5:73218440-73219970	654.366454	573.491611	653.06268	343.690675	257.395216	329.13292	738.743475	700.30628	628.556005
16102	-0.00796908277355691	5.49933558472148	0.00577110848735374	0.939832964443725	0.94862955621619	chr18	38628220	38630520	chr18:38628220-38630520	1070.205353	1077.211611	976.516053	152.896443	175.283129	115.803668	1175.731305	1138.698887	1132.058741
27728	-0.00891151304133997	4.94559412035048	0.00549265280893694	0.941295086127111	0.949944389050798	chr6	32201950	32203840	chr6:32201950-32203840	601.895419	674.696189	707.760958	213.989662	199.197848	199.221674	651.675127	679.788254	852.016571
11215	0.00779680146699512	5.0692071243466	0.00406824216372365	0.949464983020788	0.95663880987078	chr15	7113240	7116450	chr15:7113240-7116450	710.005752	596.288264	672.597911	407.832898	277.162926	334.653231	726.187163	719.254464	760.296759
27562	0.00772432047578779	4.87711387315212	0.00297546909213791	0.95680654034391	0.962940579244081	chr6	17911700	17913380	chr6:17911700-17913380	512.542987	667.787876	653.773355	160.737284	293.612974	231.116974	615.035965	739.99728	687.260887
16548	0.00502128505238704	4.74643143506119	0.00161629644200895	0.968133716191396	0.972393901811481	chr18	75579000	75580610	chr18:75579000-75580610	515.58441	585.466233	563.083173	238.710073	199.1979	207.563519	600.833819	622.943074	626.432621
9365	-0.00235860374833915	6.06195309761882	0.000844228791680581	0.976966587806702	0.980075010093789	chr13	66414900	66416570	chr13:66414900-66416570	1434.967732	1490.202957	1614.424894	240.561382	312.27485	274.543213	1562.085236	1682.48421	1775.264321
18895	-0.00179275992334583	6.31685050688069	0.000505617842425041	0.982174318734128	0.984370333724024	chr2	71736600	71738320	chr2:71736600-71738320	1550.555255	1611.671783	1592.403142	852.474233	721.867462	793.207036	1535.533253	2014.138197	1723.141958
28710	-0.00238678049418721	5.46087366277566	0.000485797354234912	0.982528880455217	0.984672637575055	chr6	94179720	94181350	chr6:94179720-94181350	819.003475	885.970354	937.801086	475.460248	323.610137	476.463698	974.836797	930.378273	1014.330591
33950	0.00234273472527833	5.48412047669118	0.000397515087213422	0.984216580645914	0.986098397235182	chr8	107261220	107263140	chr8:107261220-107263140	771.09508	992.240778	907.137173	474.806703	447.05468	393.291178	1190.96383	897.190561	866.453805
10778	0.00260029972235576	4.51873431875666	0.000334194248155803	0.985506758315442	0.987204947177675	chr14	67709580	67712570	chr14:67709580-67712570	560.577569	451.1023	491.099426	143.204303	110.450427	120.219893	517.264434	527.416285	626.326583
22727	0.00177426477804564	5.17241044768476	0.000251975911204879	0.987415045122951	0.988835805801201	chr4	46474360	46475860	chr4:46474360-46475860	733.072811	641.53685	827.813265	359.807579	295.824772	298.341849	778.05784	828.349175	834.393842
27037	-0.000755098847496574	4.68403687247709	3.38861791580194e-05	0.995384703175398	0.995946855680957	chr5	139291320	139292860	chr5:139291320-139292860	589.601685	594.561669	501.044523	148.104809	127.729886	147.208023	619.976673	636.39775	614.437032
29400	3.32291734131104e-05	4.9243793730295	7.44604912194256e-08	0.999783651547244	0.999783651547244	chr6	127084120	127085700	chr6:127084120-127085700	567.294838	601.930198	650.695272	258.747861	287.530508	329.746306	564.812844	703.66991	749.04423
