regionID	logFC	logCPM	F	PValue	FDR	V1	V2	V3	V4	DMSO1	DMSO2	DMSO3	PDsiNanog1	PDsiNanog2	PDsiNanog3	t2i1	t2i2	t2i3
824	0.413600702434882	6.49733916880473	4.62583559173407	0.0546557084245043	0.10099295697935	chr1	84889660	84890660	chr1:84889660-84890660	760.267874	1492.171642	1379.491044	479.185124	409.475682	505.936492	1353.27826	1881.221808	1882.346174
27015	0.43966038075277	6.07220252299944	4.4577574283833	0.0585250383189449	0.106791311125636	chr7	100699690	100700690	chr7:100699690-100700690	514.202418	1034.524398	1063.670034	503.688824	363.503183	329.529908	1005.795266	1362.33339	1365.518024
21447	0.362921910684784	6.33521063094808	4.4161055999512	0.0595350320167461	0.108116952260775	chr4	146497350	146498350	chr4:146497350-146498350	1006.741564	1227.293004	1236.277203	360.069447	237.453082	216.51035	1205.158525	1748.180019	1872.059174
5954	0.545012787996989	5.41140339502293	4.41270234786629	0.0596184918335262	0.108244260741323	chr12	22297490	22298490	chr12:22297490-22298490	383.40393	616.42314	684.29276	252.525056	132.571762	122.465565	642.6015	988.38197	989.830954
26729	-0.503729644606769	4.78543720606364	4.40551882966724	0.0596484881394621	0.108270756035221	chr7	79868500	79869500	chr7:79868500-79869500	401.388616	579.2325	592.96304	80.3179	131.288766	97.276364	249.110968	415.98996	538.224676
31	-0.494983982901466	4.94484078639476	4.37817051086012	0.0603895948002072	0.109356410538155	chr1	7051980	7052980	chr1:7051980-7052980	343.346772	583.523978	694.686814	185.139566	233.283506	156.10619	260.332172	449.620532	522.999928
9683	0.352206647589454	5.40495103083936	4.30858338213203	0.0620657462808811	0.111792144881983	chr14	111261460	111262460	chr14:111261460-111262460	467.605452	644.694918	715.98604	158.593862	158.444632	130.088578	861.041248	746.374478	846.016858
32237	0.680517268600587	6.1286494452257	4.25939472566501	0.0635308409467893	0.113870405663487	chrX	156303430	156304430	chrX:156303430-156304430	326.179392	1077.52061	1232.443134	376.40516	300.53158	265.480052	977.367522	1727.494732	1718.162674
479	0.367431017206168	7.83860580990781	4.21181156058217	0.0648084846274926	0.115665464828762	chr1	52952880	52953880	chr1:52952880-52953880	3094.207992	3398.993822	3417.97221	934.547188	586.09546	538.50014	3426.585494	5060.381584	5417.84077
13487	0.655473598380973	5.7230309918812	4.20142316174789	0.0650915865189911	0.116049327279706	chr17	76500240	76501240	chr17:76500240-76501240	279.582288	809.107936	884.333296	318.549148	193.084346	251.891094	771.271446	1174.593258	1314.906206
11380	0.407779913962859	5.47287106564273	4.15833429650984	0.0661751341788218	0.117615683157018	chr16	16085490	16086490	chr16:16085490-16086490	474.962648	670.021742	649.277498	289.961438	187.097232	154.283362	763.416438	854.43223	913.809128
16934	0.349861639795254	6.55040203803965	4.1163462847784	0.067467945358077	0.119432116466111	chr2	115723330	115724330	chr2:115723330-115724330	994.479962	1445.051662	1360.23621	672.152546	436.524256	396.314062	1397.78922	1841.189606	1940.880148
25647	-0.258670668581912	6.16136501686138	4.07278027334122	0.0685449217775489	0.120869944206116	chr7	3193440	3194440	chr7:3193440-3194440	1107.701456	1242.269866	1100.559894	481.907648	450.529974	373.693708	894.704996	1073.605042	1146.812996
8792	0.624788258909161	7.72981515374584	4.07924119362683	0.0685375645714059	0.120869944206116	chr14	20216430	20217430	chr14:20216430-20217430	3420.797089	2079.313808	2017.01143	1549.524208	789.22964	758.32496	3863.837881	4453.020918	4539.315724
4525	0.44651888726348	6.7516513501548	4.03128956875876	0.0699508039768277	0.122861143352452	chr11	63270710	63271710	chr11:63270710-63271710	873.490674	1567.394414	1604.7487	823.259447	659.758342	662.04293	1137.457372	2291.908457	2507.08572
13300	0.610615916713072	5.6526329802181	4.02337186854312	0.0701875787914261	0.123196911095022	chr17	58932130	58933130	chr17:58932130-58933130	689.963346	493.91279	547.894382	445.152104	229.862316	235.567971	1109.029892	858.062626	875.437706
22818	0.704787427912711	6.08449069856407	4.02004893725976	0.0702872420064119	0.123351807529633	chr5	109682540	109683540	chr5:109682540-109683540	504.39268	950.63462	927.442058	318.548962	456.30328	363.916374	495.2296	1865.74299	1880.288338
31812	-0.679931690973958	4.63880552532421	3.9954053289975	0.0710318076266784	0.124456357819924	chrX	83050120	83051120	chrX:83050120-83051120	258.327548	607.336028	688.893618	100.057026	61.795596	68.11	188.516306	378.537404	468.889212
1640	-0.449894271205302	5.61260563829871	3.87886597480251	0.0746868099118013	0.129526522069871	chr1	167915530	167916530	chr1:167915530-167916530	553.44182	961.15204	1095.533266	281.793365	243.333338	279.648829	443.985769	703.380294	900.230298
25004	-0.421066141718759	4.84057734965174	3.84843335484447	0.0754940924962571	0.130629684122914	chr6	113296370	113297370	chr6:113296370-113297370	545.267142	486.424306	532.73002	130.006112	110.01316	80.787424	424.535912	377.15203	456.338824
9596	-0.399094911596249	5.00379294031471	3.8145350354858	0.0766178974791891	0.132228385491423	chr14	91676700	91677700	chr14:91676700-91677700	404.658684	551.802044	665.549976	169.484412	246.754528	189.41549	309.70553	470.066476	543.162386
1583	-0.637040000556044	5.67077662599648	3.81862508897602	0.0766666607580397	0.132291412495082	chr1	164375370	164376370	chr1:164375370-164376370	1348.862342	762.745808	872.405886	211.345054	130.326585	100.093573	790.347704	587.774202	718.456102
13429	0.594270497691292	5.7762509510627	3.77470560030672	0.0781508742458802	0.134287767800395	chr17	70871930	70872930	chr17:70871930-70872930	718.167294	630.054212	621.759563	481.907892	225.158128	167.540667	933.979148	1197.236072	1106.282033
11075	0.547392718907022	6.60561037223173	3.769933763282	0.0783142538804525	0.134464925490072	chr15	100269820	100270820	chr15:100269820-100270820	1182.911104	1269.1962	1319.512908	644.585744	346.824796	220.238952	1350.286362	2311.734022	2358.43662
28934	-0.874065902666568	5.62384049128918	3.75475436003985	0.0788367734351445	0.135136843512963	chr8	87975320	87976320	chr8:87975320-87976320	1281.828002	845.962184	840.201542	384.573392	115.893422	95.12207	662.051852	527.773726	570.423462
29936	-0.57987183712283	4.89956697500405	3.74387979367278	0.0792137474131139	0.135632412642272	chr9	31254150	31255150	chr9:31254150-31255150	643.979622	459.41454	443.27401	257.970273	138.131211	142.351684	363.193347	343.56898	428.254813
9000	0.474950590251137	5.79182198420733	3.73290042546633	0.0795966079703793	0.136186389422827	chr14	34258320	34259320	chr14:34258320-34259320	640.914018	813.147188	833.300512	279.07091	128.08139	134.231446	978.48991	1176.503746	1247.421744
19766	0.558296892651966	5.52705650299827	3.68987535918346	0.08111906772332	0.138283263176836	chr4	13420710	13421710	chr4:13420710-13421710	266.911122	685.588044	698.009639	256.609112	369.704316	331.84995	536.374066	924.751399	1118.421039
28309	-0.255232999182266	6.95870047744553	3.58619879611496	0.084821623964152	0.143453736235298	chr8	47335760	47336760	chr8:47335760-47336760	1952.170756	1953.01611	2026.212474	671.81222	877.11202	798.759858	1513.367668	1862.686306	2009.290016
9998	-0.52891559801857	5.73022506227779	3.56587272805709	0.0857122457348649	0.144594788993456	chr15	21240550	21241550	chr15:21240550-21241550	534.639988	1122.957431	1290.290507	373.34242	225.158104	237.805052	462.313848	796.533992	914.426267
21465	0.302537655499655	6.04341605044694	3.50685862089681	0.0878511037303152	0.147497086004554	chr4	147025700	147026700	chr4:147025700-147026700	901.693864	829.049926	779.712118	506.41161	436.52428	417.360392	967.268816	1190.357342	1213.268948
24368	0.550380135669512	6.08675320603789	3.4907729377437	0.0886504641081112	0.148588078827742	chr6	60993640	60994640	chr6:60993640-60994640	897.60675	932.796616	886.718206	282.474162	132.357932	188.752588	1772.951606	1183.765558	1230.036508
15210	-0.486722340562247	6.6137314669963	3.41341970432521	0.0918081589249505	0.152814032334336	chr19	32726920	32727920	chr19:32726920-32727920	1280.193162	1946.369344	2015.393588	749.407644	449.46098	446.44387	711.424964	1721.28468	1627.430126
9164	0.430168647678192	6.18094767261411	3.27746589987946	0.0977031045645461	0.160605671276081	chr14	50573070	50574070	chr14:50573070-50574070	685.05892	1110.840408	1280.322942	358.708064	203.989474	182.869628	1059.282454	1660.041348	1702.42351
24277	-0.660976166624633	6.77725755912113	3.19425091476024	0.101543824083231	0.16582113088171	chr6	52078410	52079410	chr6:52078410-52079410	2672.381806	1764.539048	1609.008192	928.080788	327.259829	365.822072	1185.708187	1577.685102	1480.220104
9627	-0.224180070711566	6.15595806009347	3.18427584340728	0.101822746141429	0.16621442939473	chr14	100284720	100285720	chr14:100284720-100285720	1030.8579	1321.616302	1341.323142	324.675028	277.117674	261.91703	1020.38226	1161.408358	1189.711076
25467	-0.349340579017543	6.14263374021993	3.18582726658053	0.101942990156567	0.166389601535019	chr6	137503440	137504440	chr6:137503440-137504440	1209.070952	1180.005458	1229.035418	499.60463	311.116026	276.748828	850.568168	1080.006842	1153.191754
28185	-0.462499731786699	5.01070291720158	3.0996344148387	0.106141767232079	0.171788020277852	chr8	33973070	33974070	chr8:33973070-33974070	388.30887	694.422554	589.810912	297.448656	182.286238	125.365564	388.25407	456.308546	434.941303
28367	0.737897471525742	7.45471737477973	3.09163862795069	0.106542101472164	0.172304368455482	chr8	54076980	54077980	chr8:54076980-54077980	3113.827806	1425.69914	1527.73178	1022.351702	552.73864	435.67226	4891.701412	2968.680402	3177.500592
31384	0.291598943329046	6.05598063494062	3.08900543326034	0.106554668067626	0.172316094790729	chrX	17721510	17722510	chrX:17721510-17722510	695.685828	977.223846	982.819006	528.19271	360.188946	370.793661	961.658511	1161.790265	1352.350735
24935	-0.637463088415214	4.88527711111753	3.04359094698201	0.108987834093084	0.175497969795907	chr6	103810410	103811410	chr6:103810410-103811410	571.83615	571.23898	601.39746	110.26694	82.750454	102.413633	144.379514	562.93333	548.40899
15086	0.596333832164026	6.10396984875216	3.03697777072317	0.109329921716061	0.175946621851958	chr19	23090130	23091130	chr19:23090130-23091130	1070.505404	655.46501	645.6994	629.61103	298.07258	287.93472	1428.834928	1228.096753	1262.544374
10406	-0.256869103134694	5.91098735991296	3.02125277026556	0.109953403965902	0.176763020380811	chr15	62079300	62080300	chr15:62079300-62080300	815.857092	954.673858	1063.584868	474.420444	419.525464	344.195924	846.827478	780.195642	892.103074
14768	0.448014744722442	5.79855450444496	3.01562046926944	0.110443892351393	0.177401972868676	chr19	4041460	4042460	chr19:4041460-4042460	321.274576	943.987218	820.606222	352.582202	448.178	368.39082	780.248922	1068.7333	1126.65068
16908	0.644372690123535	5.6799892093252	2.9573893789373	0.113554034001218	0.181641626754675	chr2	112675460	112676460	chr2:112675460-112676460	464.335524	806.24724	761.480382	262.054244	72.914448	85.344682	1077.985056	1125.10246	1130.765844
21920	-0.55705599673375	5.36835121106516	2.95224248109417	0.113834169536483	0.181981971677006	chr5	22705730	22706730	chr5:22705730-22706730	439.402192	931.28167	1031.636716	269.201116	121.55979	124.619775	391.620401	625.70446	715.16356
30936	0.344309499272886	5.73540534820532	2.91060357930777	0.116132601713803	0.185032842830948	chr9	105915210	105916210	chr9:105915210-105916210	512.97628	935.068216	924.886242	195.009094	144.225328	134.811405	761.92034	1210.612676	1237.854714
8718	0.389097341607792	5.84345848135585	2.89789260803217	0.116845793584669	0.185934575859832	chr14	13731920	13732920	chr14:13731920-13732920	447.985828	991.358756	1002.243294	275.667488	226.22737	194.221316	798.202162	1323.638618	1258.737994
17014	0.542156526029686	6.52249445442022	2.89638833502945	0.116930558644441	0.186042062875145	chr2	119855070	119856070	chr2:119855070-119856070	1419.984224	1096.536216	1056.002706	520.70514	217.674249	231.176365	2050.86416	1823.801208	1742.54359
12459	0.537614822418425	6.26799295233143	2.88554067180403	0.117544106631906	0.18680736189537	chr17	14817350	14818350	chr17:14817350-14818350	681.379548	1053.708346	1129.10038	774.25134	351.42205	231.673491	1355.148952	1464.850138	1568.69041
423	-0.42600131464487	5.65432266501489	2.86612623289826	0.118652305211913	0.188217916601389	chr1	44821490	44822490	chr1:44821490-44822490	774.982475	956.356534	955.301028	349.859616	201.851188	186.598299	430.520256	875.451321	877.186812
6101	-0.275577719662606	6.48645081177247	2.79555807698424	0.122792527052526	0.19351658111404	chr12	38779120	38780120	chr12:38779120-38780120	1083.176854	1692.765742	1665.238372	639.14014	502.48944	464.09291	920.887554	1511.664864	1502.749516
869	0.320224095119004	6.63250626186081	2.76353082430306	0.124731407197027	0.196028958387416	chr1	87675780	87676780	chr1:87675780-87676780	1354.584964	1201.545494	1358.447016	789.5663	492.439836	468.152896	1508.505286	1886.954064	1913.824844
25205	-0.361407111295842	6.38532919199987	2.76097644892432	0.124887697765828	0.196198488454836	chr6	122367010	122368010	chr6:122367010-122368010	1076.637366	1502.605288	1561.980684	795.011919	472.66105	388.02832	838.599201	1203.160572	1429.401694
3062	0.36516384226524	5.32024053072919	2.75747521686536	0.125017060799814	0.196325590187058	chr10	81507210	81508210	chr10:81507210-81508210	524.829982	591.01214	526.1695	238.231068	174.481556	114.345279	630.258262	700.99174	964.11409
18017	-0.484377033659545	6.06663121051881	2.73899119477762	0.126243117122912	0.197980521773937	chr3	5989040	5990040	chr3:5989040-5990040	879.621932	1393.725836	1444.921212	416.564346	255.093728	256.199636	449.59663	1191.599316	1254.005814
337	0.407422608956313	5.84207830367265	2.72974371269033	0.12681876756822	0.198740979912566	chr1	36903370	36904370	chr1:36903370-36904370	915.1827	616.927928	629.512078	379.468312	310.260666	289.923324	1126.609584	976.725768	1014.211696
19491	0.300411628699315	5.41238966397979	2.65659567319611	0.131294100065205	0.204331919329477	chr3	144946830	144947830	chr3:144946830-144947830	408.746182	662.617006	728.935747	202.496406	195.650246	215.433219	635.120696	849.558952	867.82533
4255	-0.36684643467779	5.21023018803065	2.65665338855871	0.13140172365722	0.204478634803313	chr11	49450800	49451800	chr11:49450800-49451800	504.392616	725.639206	689.064156	273.625398	174.267728	142.51732	389.002084	634.20757	575.052672
23789	0.488798211112025	5.55695532189317	2.64070962928403	0.132534023740499	0.205901583067594	chr6	10569140	10570140	chr6:10569140-10570140	392.396324	748.694618	713.770854	334.20417	171.701822	178.809574	535.625966	1201.345022	1056.080864
28963	0.726612344470788	6.54215041036447	2.60185106266132	0.135130252402737	0.209287255704114	chr8	90825210	90826210	chr8:90825210-90826210	1621.905066	729.930845	783.333364	772.890214	305.98411	239.793704	2166.442158	1639.118482	1938.307792
15982	0.535868268421957	5.42739501499741	2.55897578093417	0.138069967560042	0.212975306610817	chr2	30086930	30087930	chr2:30086930-30087930	333.536856	726.56497	693.834743	117.75419	193.939713	138.374395	393.864634	1055.643726	1305.544078
15103	0.271883406971368	6.02275017665215	2.55610188582582	0.138156217329227	0.213098208076905	chr19	24197210	24198210	chr19:24197210-24198210	920.905242	776.629159	837.560424	463.530005	408.62026	400.125721	874.880322	1211.5678	1268.099534
32206	0.412787017666751	5.56329416000824	2.52479246724804	0.140471972410632	0.21602255598762	chrX	152286760	152287760	chrX:152286760-152287760	491.31288	780.163604	794.877298	185.820228	118.673134	66.287132	763.790764	1066.248504	1101.961266
15502	-0.30496579447852	6.04363008916745	2.52396336354639	0.140530887679517	0.216081602975398	chr19	53460030	53461030	chr19:53460030-53461030	932.349796	1153.584598	1189.845411	490.415922	309.191502	355.79618	676.265275	1076.375916	1118.009642
21065	0.391067230071176	6.14079666943134	2.48867562066913	0.143067734094701	0.219182554393583	chr4	130638470	130639470	chr4:130638470-130639470	1055.790864	866.15621	879.05081	447.87477	271.130638	283.08744	1492.42186	1161.456086	1288.827944
2394	0.356062890243553	5.5514575063043	2.39268642235658	0.15026924873015	0.228214891619269	chr10	31456150	31457150	chr10:31456150-31457150	335.171814	755.930738	711.129662	420.648294	302.776798	272.854435	683.371544	827.011634	910.414164
7433	-0.352050462184232	6.01864078659893	2.33966579424261	0.154445593391018	0.233251414245399	chr13	26112930	26113930	chr13:26112930-26113930	942.159846	1180.173495	1118.365549	459.105656	382.426555	336.738696	476.527714	1116.408252	1198.249389
4246	0.432877116123212	6.80667178888753	2.31724348144306	0.156256350568479	0.235415777097407	chr11	48826030	48827030	chr11:48826030-48827030	1804.614054	1185.811482	1286.372312	800.45663	555.090791	377.587988	2379.271886	1837.558969	2039.533376
11937	-0.282609276299957	6.84490459763725	2.21701318468414	0.164691430240973	0.245511032545016	chr16	56901670	56902670	chr16:56901670-56902670	1665.641117	2136.528835	2201.63085	703.462946	412.255377	396.35563	1680.190289	1821.316642	1735.548036
1844	0.414077134600918	6.73888303554309	2.16501309132073	0.169298466243453	0.250833177098942	chr1	182029870	182030870	chr1:182029870-182030870	1197.217218	1539.880151	1461.78985	952.584524	390.445143	380.322506	1582.564741	2067.050062	2381.376971
20243	-0.400254030326683	6.59085032544032	2.15647524646166	0.170070688508544	0.25180414041188	chr4	57690710	57691710	chr4:57690710-57691710	980.582078	2045.741459	2032.772744	528.533156	591.761948	540.820044	669.906586	1695.201248	1763.838077
4005	0.395392893859264	5.27103694058142	2.14426407392723	0.171183064854953	0.253127918544757	chr11	23120190	23121190	chr11:23120190-23121190	474.145662	561.142063	531.877768	172.88773	172.450203	169.529319	986.344354	542.96485	611.880758
16209	-0.496971875514612	5.00739429638069	2.07590355209253	0.177587057702727	0.260564978160124	chr2	40910070	40911070	chr2:40910070-40911070	240.751452	723.114897	847.358021	211.345075	131.181888	125.862736	340.00293	541.723259	452.224184
8283	0.45461085213385	6.29496738753409	2.07235988872574	0.177927411276697	0.260959445181925	chr13	95534210	95535210	chr13:95534210-95535210	1169.013356	966.453189	1010.933659	498.58411	187.204166	211.5388	1160.273239	1714.978472	1878.334472
4130	-0.325883303901392	6.50102343539792	2.05849256052357	0.179267462097497	0.262448471292225	chr11	33529590	33530590	chr11:33529590-33530590	1507.864943	1434.534887	1498.509883	802.158532	483.886934	378.333808	1290.813584	1140.962618	1374.05732
29693	0.434724944415597	5.21907640279936	2.03051165783585	0.182011459097997	0.265745584096958	chr9	11441000	11442000	chr9:11441000-11442000	318.821992	581.924702	619.37378	234.827808	128.936684	132.740054	396.482966	897.13928	920.08493
15701	-0.264505989752434	5.87326037845866	2.02623215709543	0.182352926065286	0.26617221052469	chr2	12077050	12078050	chr2:12077050-12078050	750.458122	1114.711348	1213.87076	232.445598	248.892782	256.116948	606.693702	998.70032	1156.689324
8315	0.204039790828197	5.95955430075522	1.96405694694959	0.188560537537348	0.273564744701903	chr13	97435500	97436500	chr13:97435500-97436500	801.959816	846.13058	880.243642	473.73978	395.577018	328.949894	840.84284	1136.950356	1177.880256
4048	-0.460983944641835	5.2427761013054	1.89413930971987	0.196196803193496	0.28214877655474	chr11	28171470	28172470	chr11:28171470-28172470	482.729146	790.51261	793.51434	185.139631	146.042772	207.64443	222.928087	708.63483	708.27188
21	-0.336496972760127	6.35776239559673	1.89381008541204	0.196232765567719	0.282187974831123	chr1	5260620	5261620	chr1:5260620-5261620	811.77024	1865.004188	1942.380322	301.532486	244.616298	269.788632	852.063986	1512.81172	1509.744816
11578	-0.207116086140624	5.82837356008221	1.88529889754816	0.196977031347981	0.283007155756411	chr16	25523000	25524000	chr16:25523000-25524000	869.811876	886.85538	927.442248	380.489524	352.704784	312.378098	623.8994	949.30495	959.792578
3879	-0.461006065341706	4.79860520740723	1.86820044716729	0.199056879499587	0.285236840502989	chr11	16497940	16498940	chr11:16497940-16498940	289.392224	619.115982	647.14793	136.812728	84.033488	139.037288	216.195266	469.68434	525.879702
13895	-0.567485705938535	5.46675942017812	1.86343927715843	0.199587785384848	0.285833340005975	chr18	18610700	18611700	chr18:18610700-18611700	353.156496	1111.0087	1150.8256	228.701844	164.217914	150.471816	237.141628	808.093868	844.165038
10119	-0.267792926892385	5.07043186023491	1.86090970853138	0.199682748641416	0.285931441821722	chr15	34524460	34525460	chr15:34524460-34525460	492.947712	580.410734	529.066294	252.525096	202.706496	190.575458	494.481584	400.512028	522.793938
24507	0.176848003979261	6.46030938799393	1.76738269094328	0.210523041500085	0.298722473769611	chr6	72512580	72513580	chr6:72512580-72513580	1077.455406	1304.366956	1266.862146	646.627588	610.043584	422.74616	1431.07875	1393.95734	1571.673698
7955	-0.330591992819572	5.10488253594492	1.76583803130162	0.210893838310188	0.299143861316372	chr13	65746670	65747670	chr13:65746670-65747670	498.670298	634.850246	545.764628	147.362898	344.900398	179.306645	374.040431	520.0347	548.511776
6861	0.348949952927087	5.51560856113158	1.76284463198326	0.211253788260474	0.299562677176357	chr12	102758340	102759340	chr12:102758340-102759340	685.87608	511.41398	483.91238	436.98416	262.57754	263.32562	587.991542	872.297782	915.55798
30057	0.328058972917406	5.93859266177503	1.75290381302737	0.212454997302613	0.301015830786376	chr9	40239700	40240700	chr9:40239700-40240700	882.074302	808.85536	820.09506	439.70686	227.29644	204.247216	1004.672328	1127.68244	1293.097184
17401	-0.426546036384443	5.7870206963665	1.71333404469663	0.217327146651963	0.306752450834713	chr2	152349500	152350500	chr2:152349500-152350500	998.975056	903.85208	941.413992	524.789362	214.466894	173.506578	744.340582	737.39302	801.37066
18042	-0.297976692685194	7.26377294807024	1.70793747402054	0.218003063039024	0.307532411831368	chr3	8245330	8246330	chr3:8245330-8246330	2412.829247	2429.175132	2471.274651	1569.603432	860.219886	690.794668	1924.063446	2128.007618	2372.634037
15020	0.55385353744214	5.60984391009186	1.70571614522627	0.218282094062848	0.30785904808307	chr19	14664200	14665200	chr19:14664200-14665200	628.651218	687.102202	676.284522	230.743902	72.486832	53.858254	1315.87507	874.209652	872.146242
14624	0.369047184659301	6.25455545134667	1.70280702396257	0.218648239924872	0.30827917274041	chr18	79979670	79980670	chr18:79979670-79980670	498.67024	1287.875122	1396.019334	450.937692	337.202693	355.46472	910.04031	1715.742438	1719.912186
242	-0.306335707501008	4.93925878135002	1.69536819801213	0.219482284887984	0.30916168022113	chr1	30548080	30549080	chr1:30548080-30549080	305.742096	620.293348	630.10826	213.046766	160.155226	154.61469	329.903566	485.06674	517.650062
24719	-0.278946827373389	5.53824957214226	1.6949341328367	0.219643235376355	0.309345495285059	chr6	88567860	88568860	chr6:88567860-88568860	685.058518	897.6249	884.673668	132.04811	203.989436	190.575444	473.535106	885.101026	847.045682
18621	0.291614374134868	5.76580087600102	1.68728828112766	0.220615308976969	0.310458237731292	chr3	69754340	69755340	chr3:69754340-69755340	870.629526	606.157716	622.270432	370.279088	338.913332	319.1724	943.330508	946.821038	910.620138
4072	-0.268618641582285	5.28477152385121	1.6214633620516	0.229120751815561	0.319778622700992	chr11	29723750	29724750	chr11:29723750-29724750	608.214464	616.675469	633.17564	312.763568	274.231158	165.303457	540.488208	468.442344	650.046296
5838	-0.281639647932306	4.97848696896037	1.61488268811706	0.229960060893557	0.320660099536523	chr12	12909750	12910750	chr12:12909750-12910750	465.561754	535.18424	512.02693	257.289738	174.053929	169.280748	299.606399	501.59552	558.07888
18040	0.346674727378192	5.77043402771012	1.59219795572244	0.233199046639264	0.324130876248108	chr3	8005800	8006800	chr3:8005800-8006800	664.620828	776.629358	804.419158	400.908964	169.135886	199.192846	733.119352	1099.783978	1269.848288
24008	-0.265828749154549	6.50064394321808	1.50755896954239	0.24522311622155	0.337720955195829	chr6	34399400	34400400	chr6:34399400-34400400	1420.801426	1416.94893	1383.409976	914.127484	511.042744	463.01563	1150.548502	1270.13494	1372.308516
7616	0.495127973649551	5.55493550357091	1.50637759233899	0.245396806296508	0.337883144582577	chr13	44677700	44678700	chr13:44677700-44678700	775.800276	646.713838	569.619548	138.854654	39.77154	31.652132	861.788966	1093.764864	1126.650784
16034	0.191116625362768	7.08458197013117	1.50089219819938	0.246205473982608	0.338823886419878	chr2	31572380	31573380	chr2:31572380-31573380	1853.663706	1869.80066	1761.765142	1136.703704	896.570282	670.411392	2025.054784	2219.249458	2533.524336
31965	0.270698055416084	5.55419497779646	1.46573262417786	0.251475579169242	0.344397825904929	chrX	104200160	104201160	chrX:104200160-104201160	572.244572	645.5362	688.72306	173.56839	363.28926	286.44331	662.79982	902.1073	916.99772
19600	0.315409410008548	6.34239519459306	1.43111672470224	0.256815212151972	0.350110266511831	chr3	157321350	157322350	chr3:157321350-157322350	664.621409	1202.091793	1371.397948	485.311082	506.445496	563.02617	752.569478	1714.213841	1878.540136
31821	0.259895850073486	5.42665605373977	1.43058782490577	0.256838305606963	0.350127024456677	chrX	85079400	85080400	chrX:85079400-85080400	534.639932	575.36196	574.39046	358.708062	215.74989	288.68048	546.098922	827.20276	818.85852
12334	-0.189038703834407	5.92700498491972	1.42514200880838	0.257579608100488	0.351004732477948	chr17	6312170	6313170	chr17:6312170-6313170	791.33273	1024.763712	1008.889144	429.15629	448.178074	349.99606	588.365775	1024.30581	1077.169622
22617	-0.406512832182146	5.19207348646548	1.4038504223901	0.261130676178385	0.354844351247056	chr5	92754690	92755690	chr5:92754690-92755690	553.033566	678.85652	745.719648	283.154842	92.265677	100.424993	432.016718	568.09257	602.21079
24406	0.133010449498519	6.54972514978162	1.39584519709507	0.262245020594906	0.356045174552038	chr6	65795880	65796880	chr6:65795880-65796880	1220.51613	1436.469352	1468.265164	540.444306	497.357898	400.374292	1319.61472	1713.258902	1843.255022
9948	0.29159613173822	6.39578094556179	1.37402389818125	0.26596595228791	0.359996338442729	chr15	12032540	12033540	chr15:12032540-12033540	748.8227	1437.900486	1474.995414	269.54146	416.21112	409.90308	980.734342	1893.260412	1922.054374
8239	-0.320100872481816	6.12303264555995	1.35629283573219	0.268898860653788	0.363238132556286	chr13	92171830	92172830	chr13:92171830-92172830	710.400833	1496.883701	1483.855952	426.774018	305.021675	278.902958	563.67872	1248.256607	1363.152812
30642	0.337457214176307	5.49478557211874	1.3503546255844	0.269891061726982	0.364335512303413	chr9	76104570	76105570	chr9:76104570-76105570	371.958962	779.321545	826.910745	241.634557	130.005883	123.21125	584.250804	990.483754	1083.856223
19242	0.357456796645111	5.76438947789302	1.32245439362737	0.274621148467603	0.36942691239365	chr3	119095130	119096130	chr3:119095130-119096130	1052.929438	620.462184	616.05151	120.47683	156.092523	185.604019	728.630803	1280.453752	1300.606768
10191	-0.26824723090209	5.20116935637179	1.31878912856225	0.27519321188143	0.369998471851864	chr15	39247520	39248520	chr15:39247520-39248520	489.678036	619.452236	656.263176	304.255342	165.500908	232.999284	501.2143	547.837938	505.51158
30258	0.203194716527525	6.37102743198365	1.3190154714423	0.275212086197946	0.37000850177067	chr9	54802560	54803560	chr9:54802560-54803560	1229.508608	1021.64999	1057.11025	447.194082	628.64652	545.21162	1217.875664	1403.320874	1534.639662
13210	-0.374299864843903	5.16395815072406	1.30544862935356	0.277560652480435	0.372424608253893	chr17	55218390	55219390	chr17:55218390-55219390	455.34312	726.649368	801.77805	186.500912	99.108112	113.433786	254.721518	687.329	723.085078
8415	-0.284416357332528	5.12512047569213	1.29014584235247	0.280243241085521	0.375200929416332	chr13	104660260	104661260	chr13:104660260-104661260	577.96702	553.484986	560.759052	288.600126	187.952538	147.488938	553.580274	445.607812	482.056662
3088	-0.203815273681554	5.61459007487094	1.27320184371782	0.283096217547137	0.378255100284737	chr10	82746830	82747830	chr10:82746830-82747830	832.615402	727.99566	714.45208	365.514648	306.946374	255.785489	625.02159	762.32942	764.542302
31668	-0.357775045019386	5.23539256394581	1.27276487548115	0.283334072453801	0.37851050041881	chrX	65778650	65779650	chrX:65778650-65779650	319.639524	859.929358	933.575882	193.988208	102.101635	120.808271	493.35946	556.24538	666.3003
22235	-0.35824391086459	5.43456558898583	1.25801481281566	0.28599445323955	0.381372997499414	chr5	45425300	45426300	chr5:45425300-45426300	494.583016	895.774322	948.059416	306.977922	124.018734	138.70591	439.871604	775.8009	728.53708
28332	0.289881311246091	6.01477260021806	1.2184880919547	0.293298246916425	0.389095804053318	chr8	48178660	48179660	chr8:48178660-48179660	967.09338	881.301918	911.425034	402.951046	203.561822	167.375026	1155.037272	1244.338648	1243.718736
4303	-0.268578771367522	5.61800108182208	1.17979178266014	0.30070515872866	0.396810845729625	chr11	52261640	52262640	chr11:52261640-52262640	671.978808	825.76818	852.29876	473.739982	313.681808	186.598244	712.17306	637.45626	717.63256
4754	-0.329530347298099	5.47741217167852	1.15656459284325	0.305278626725682	0.40146194020559	chr11	77679560	77680560	chr11:77679560-77680560	723.480454	898.466442	794.706904	253.205688	119.314588	97.276374	418.177286	841.724594	844.165244
10006	0.276844396815137	5.86848179488018	1.15551155806649	0.305488302802144	0.401602272026697	chr15	22760790	22761790	chr15:22760790-22761790	518.29018	939.022805	987.931355	456.383076	225.90646	276.500202	792.217939	1181.854518	1169.239735
30538	0.241804506492232	5.3608184333578	1.13486481957448	0.309641111284603	0.405975014698338	chr9	70048030	70049030	chr9:70048030-70049030	319.639544	685.167014	661.716187	279.070718	265.464199	282.383226	708.058645	653.507522	680.907808
30835	0.202176550675378	6.03585748933224	1.10719598835961	0.315333669415246	0.412105153514135	chr9	96799690	96800690	chr9:96799690-96800690	841.199074	862.621795	1009.059327	382.53116	398.570538	393.911282	689.357148	1289.052545	1447.610047
2111	-0.38708309951801	4.78986128223101	1.10379723148582	0.316043231114576	0.412849380608909	chr10	8363650	8364650	chr10:8363650-8364650	307.785834	528.579024	676.114356	208.622452	70.669271	77.224493	333.269998	448.187394	437.616168
14118	0.234091513481554	6.38514893311693	1.09160966681289	0.318606561475674	0.415494641219594	chr18	35021880	35022880	chr18:35021880-35022880	773.3479	1381.777728	1392.696054	512.5376	446.895156	430.534994	838.599286	1747.940568	1913.516352
10983	-0.246187085681886	5.15252311406489	1.07056814762747	0.323061224487008	0.420238870504448	chr15	97582100	97583100	chr15:97582100-97583100	318.82194	753.574162	689.916258	233.46655	208.37287	195.878456	389.750062	533.12442	646.85722
6106	0.446817528768935	6.45582521224782	1.04948976636618	0.327699636619447	0.425350821680788	chr12	39998070	39999070	chr12:39998070-39999070	1883.093042	847.30871	891.745438	322.633102	101.887838	124.039771	1525.33729	2091.365712	1960.426129
8298	0.451195918844177	5.7715339017106	1.04510631117191	0.328667441724988	0.426368008282264	chr13	97066370	97067370	chr13:97066370-97067370	1018.59516	642.591318	635.90185	211.00481	60.405658	46.318129	1024.496518	1186.918434	1267.070276
6816	0.317730857066039	5.42129935542244	1.02716772320082	0.332671582701877	0.43061820777779	chr12	100778650	100779650	chr12:100778650-100779650	828.937298	384.02351	428.19428	243.336082	268.564778	222.144674	643.723614	777.13862	882.845062
6470	0.203894802921982	5.40346364391128	1.01878894926323	0.334477074033915	0.432277001713003	chr12	76919420	76920420	chr12:76919420-76920420	553.44232	625.17393	607.78708	309.700586	224.302854	156.02331	579.014688	800.25934	850.131502
2381	0.192231361073435	5.18140226664632	1.01025934888964	0.33636223065321	0.434247404072423	chr10	30627540	30628540	chr10:30627540-30628540	364.6015	600.436124	616.647492	220.533962	181.965472	151.797566	484.008448	727.647356	713.929504
603	-0.221765183980416	6.51937434633299	1.00329051605283	0.338112455680745	0.435986052084293	chr1	63199700	63200700	chr1:63199700-63200700	1477.208642	1423.93206	1478.829712	786.163122	511.6841	353.061916	1009.909458	1473.448706	1624.961344
31461	-0.261804503485474	5.22240144325211	0.989898336189077	0.341221257633373	0.439173679323569	chrX	28842730	28843730	chrX:28842730-28843730	431.635892	793.205106	703.376856	242.315074	134.710069	151.38323	370.299964	685.895772	667.328708
5160	-0.221600079850497	5.16934313415354	0.97297235752393	0.345147390514353	0.443223777320971	chr11	98181860	98182860	chr11:98181860-98182860	410.381286	669.432694	615.965864	274.98691	231.572854	219.079046	599.213052	421.34033	489.875014
3875	-0.225043643696771	5.70610641785618	0.971066309065536	0.345664350470259	0.443676720841176	chr11	15088590	15089590	chr11:15088590-15089590	530.143734	1023.754064	1131.060236	293.024413	207.089816	237.556468	586.869723	923.986134	923.890724
25539	0.354304281346454	6.15094715143063	0.945985841467187	0.351715393220345	0.449896558286171	chr6	143142080	143143080	chr6:143142080-143143080	1589.205084	797.328622	774.600556	109.586358	63.506118	38.61225	1494.665864	1486.059962	1515.917174
6460	0.397939583611028	5.21012569404024	0.932098704907555	0.35513363681037	0.453443042809397	chr12	76695130	76696130	chr12:76695130-76696130	512.97638	496.941848	522.93224	262.394693	83.926483	64.29853	835.232221	630.76825	676.484482
2590	0.230454562211741	6.60630537612694	0.924205403077051	0.357098607427744	0.455431736962574	chr10	49417060	49418060	chr10:49417060-49418060	759.450542	1586.915436	1743.2778	756.89494	474.050852	541.731654	1258.272096	1941.12661	1862.492324
4505	0.178868746072752	5.23410310213316	0.909272449799425	0.360719376530942	0.45910540165739	chr11	62538140	62539140	chr11:62538140-62539140	381.768752	598.24803	587.169968	297.448702	256.590496	172.015146	555.824162	602.29644	724.42266
22789	-0.213625480052808	5.5526358220061	0.902707568037777	0.362533397313671	0.460896302189613	chr5	107838510	107839510	chr5:107838510-107839510	888.205218	740.784998	672.791888	261.033359	235.956333	179.886774	792.59138	640.7045	705.082528
6337	-0.177847227615347	5.80219592751837	0.864536783529352	0.372446569773164	0.471003316262899	chr12	68561900	68562900	chr12:68561900-68562900	692.41553	1083.410602	1055.065224	314.465166	233.497386	193.392672	619.41106	1023.254862	1044.76492
6320	0.15796365484723	5.92468870818692	0.855287594171738	0.37486354162462	0.473339691699271	chr12	65592850	65593850	chr12:65592850-65593850	580.419328	1002.886905	973.788784	448.555232	368.634924	354.387505	764.538862	1094.433278	1181.378513
24102	0.350630513150642	5.48699843067135	0.853053236205893	0.375572041889641	0.474012743727403	chr6	39455160	39456160	chr6:39455160-39456160	718.57576	562.23584	456.13852	413.161046	203.989464	143.511634	1014.39826	645.09948	712.90084
30352	0.341543535699005	5.42941349006554	0.850820840578665	0.376174845781303	0.474644186713118	chr9	58966870	58967870	chr9:58966870-58967870	757.815196	509.058134	510.919441	263.075252	129.471315	108.047977	1050.30614	684.271656	679.364142
2356	0.33260672791833	5.45222238951756	0.850760804810276	0.376191077300316	0.474646191879459	chr10	26958360	26959360	chr10:26958360-26959360	333.536836	759.127582	785.1649	334.885022	124.44633	122.465514	650.830528	847.457006	990.860006
9740	-0.201098387629767	6.98611634353542	0.845070514100813	0.377734383316009	0.476010174658342	chr14	118750170	118751170	chr14:118750170-118751170	1601.875934	2414.113436	2558.346426	605.10773	410.117143	517.70248	1230.967302	2396.766318	2556.772992
3128	0.206664126991423	5.1818275117936	0.838346841105587	0.379511656597286	0.477794386370111	chr10	84553200	84554200	chr10:84553200-84554200	459.430672	536.82476	550.705794	257.289628	149.677792	152.128984	460.069806	696.31025	782.647738
1776	-0.351815016623054	5.51340591040762	0.834051385082875	0.380750557900438	0.478963486549753	chr1	178544000	178545000	chr1:178544000-178545000	407.928708	998.594796	1083.350718	151.106522	252.52779	203.335794	267.812998	831.4061	1007.319838
8199	0.22678825359621	6.44897241343394	0.817873740440776	0.385245978883101	0.483436576783625	chr13	86378880	86379880	chr13:86378880-86379880	617.206596	1454.139148	1545.793158	726.26468	500.457872	495.330404	1063.023162	1680.77462	1719.398216
9201	-0.433017153166107	4.77518698561854	0.807981967093667	0.388034997095391	0.486164823014115	chr14	53439410	53440410	chr14:53439410-53440410	161.86342	721.432208	758.243134	61.259408	101.460138	62.144218	163.829646	508.761004	620.625019
25356	-0.322415643271898	6.0799501612142	0.77420664380311	0.397797250593185	0.495694459722791	chr6	128746480	128747480	chr6:128746480-128747480	728.38535	1388.340262	1449.26725	606.468902	223.233746	174.500884	755.561984	1066.72687	1203.187806
9235	-0.333121771720852	5.24388506564171	0.766351293122872	0.400122496495608	0.497807363131899	chr14	55048200	55049200	chr14:55048200-55049200	660.533916	683.568324	628.915822	319.910386	99.001162	89.818958	490.741186	588.44316	616.407082
20615	0.238141258987366	6.11859797350597	0.752385953251073	0.40430922426005	0.502148958376007	chr4	101883450	101884450	chr4:101883450-101884450	555.89494	1211.47411	1285.434902	424.732189	299.569343	273.020092	735.737396	1406.760218	1709.829704
23074	-0.362307298506411	6.49354978095313	0.736084389424703	0.4092841060842	0.507084298380424	chr5	121583660	121584660	chr5:121583660-121584660	2312.685214	1170.413734	1135.490274	645.94726	285.670772	213.775956	1545.535468	1159.497952	1246.393692
14016	0.189404918559717	5.78374398099181	0.71585550830765	0.415593446199678	0.513131934782088	chr18	30122410	30123410	chr18:30122410-30123410	432.044778	908.227324	989.038172	402.610807	302.242252	324.061279	739.477509	1007.872553	1048.159647
27104	0.24890487950348	5.7087588330647	0.67799638196717	0.427827221245731	0.524910792108083	chr7	107237660	107238660	chr7:107237660-107238660	770.077188	659.84062	673.38768	513.21812	244.402384	180.963884	761.546684	928.285978	1042.706742
3911	-0.167716694839158	5.21921909203727	0.676095803543534	0.428351334432445	0.525406268236799	chr11	19414130	19415130	chr11:19414130-19415130	485.18181	713.270375	638.79806	243.676405	173.198558	136.882949	430.520728	660.195086	667.946037
24812	0.293392134182323	5.15068476201763	0.675598885845561	0.428621427260314	0.525638110924615	chr6	93629010	93630010	chr6:93629010-93630010	497.443933	516.126203	522.250327	238.231262	77.297841	74.904475	584.998967	747.281607	698.910129
22028	0.188650694733419	5.16841589759209	0.666900018950724	0.431481723919865	0.528286431582804	chr5	29799850	29800850	chr5:29799850-29800850	321.6832	655.63322	628.14902	152.127528	158.97921	183.366798	489.24486	764.144942	680.49612
31399	-0.16480597232997	6.10488943216204	0.651974105727235	0.436577367545615	0.533161532067818	chrX	19341800	19342800	chrX:19341800-19342800	740.647986	1271.3833	1320.706118	494.159524	349.176842	339.88735	718.157886	1208.606192	1253.389146
24951	-0.225175438403483	5.12357238393479	0.649749054862777	0.437339087031224	0.533903219311899	chr6	107058900	107059900	chr6:107058900-107059900	631.921632	546.24894	597.563578	215.088688	100.49795	99.099248	469.046722	546.309272	640.89062
18095	0.210437131923347	6.76846622143175	0.612709934841587	0.4503478464653	0.546697966184292	chr3	11211770	11212770	chr3:11211770-11212770	1852.846605	1480.22357	1389.628827	683.383292	321.48644	355.879064	1677.19686	2122.370029	2204.95188
10686	0.137930480396291	5.71407518001365	0.60826984861881	0.451854757567113	0.548157771838462	chr15	79931590	79932590	chr15:79931590-79932590	493.765366	849.327884	887.868401	349.51903	410.651522	259.43119	660.929604	967.649352	981.498475
8004	0.225461951264314	7.26823044877248	0.60751067094772	0.452225301339419	0.548504653454261	chr13	66625690	66626690	chr13:66625690-66626690	3226.642083	1852.466937	1836.140609	539.423702	346.717952	284.620372	2639.229589	3188.427436	3173.591094
26120	0.257234613944223	5.4303035134961	0.605515919489575	0.452949081464553	0.549249774316678	chr7	28966090	28967090	chr7:28966090-28967090	754.13731	612.38425	540.90832	211.004711	86.813138	84.847532	865.903502	811.533821	790.568951
6442	0.113800369145753	5.58674647105568	0.603469030229289	0.453580448114022	0.549859866542087	chr12	76229240	76230240	chr12:76229240-76230240	554.259688	784.37056	696.90212	297.44861	323.731726	299.78358	745.088586	754.78156	839.22688
4498	-0.124130894708894	5.61201909267635	0.595352353464749	0.456554703834441	0.552886927656054	chr11	62366950	62367950	chr11:62366950-62367950	624.15515	800.693373	803.907844	357.006426	323.303995	288.349014	757.805829	645.577436	758.987557
6682	0.111914306259412	5.45500894075158	0.554582994724669	0.472006236486442	0.567233415954049	chr12	87274530	87275530	chr12:87274530-87275530	472.10176	718.234636	699.37287	249.802272	313.14732	242.27952	611.93031	736.43822	826.368504
8668	-0.169145311090132	5.13226769218588	0.549607130047673	0.474014154702181	0.568845062891526	chr14	8744010	8745010	chr14:8744010-8745010	434.497276	614.824578	634.624028	279.070851	170.311929	151.797571	387.13188	617.10588	604.782596
23055	-0.18591749125778	5.34515327365395	0.548585113090542	0.474462297534807	0.56925641560768	chr5	120725550	120726550	chr5:120725550-120726550	702.225976	665.64613	630.53444	283.154685	151.388416	135.308565	535.626044	674.43078	702.40819
3271	0.161009400842144	5.3611577991262	0.543620167970075	0.476384207096382	0.570991697438947	chr10	95565300	95566300	chr10:95565300-95566300	577.966748	627.10896	572.17545	246.399088	190.304588	185.272512	439.871614	879.559664	865.562006
964	0.227283138271851	6.96844699885905	0.535242215347439	0.479758695682627	0.574102324901179	chr1	92918680	92919680	chr1:92918680-92919680	1963.61646	1535.757152	1528.924736	1238.121522	590.15804	479.91884	2319.05159	1846.5398	2194.046836
29760	0.134351720697519	5.92885282180656	0.529781249490514	0.481919648770642	0.576305284042835	chr9	18733520	18734520	chr9:18733520-18734520	662.985654	1029.728298	1023.031698	390.018504	259.370206	267.468614	816.1562	1104.847224	1266.761716
21749	-0.328255029124753	4.90460529918435	0.52470874432784	0.484013031158273	0.578360602256952	chr5	5707210	5708210	chr5:5707210-5708210	801.55159	409.350082	369.494317	146.682282	70.241688	46.649581	586.86966	406.9134	380.72807
31457	-0.164761733508316	5.20875568431971	0.512508941718706	0.488988051203293	0.583340364026981	chrX	27834930	27835930	chrX:27834930-27835930	417.329462	711.251146	758.157744	143.27894	175.336952	149.477436	357.582747	736.819788	714.855362
23010	0.215211249912381	5.98827455357888	0.511288082559589	0.489530143834445	0.583919971391572	chr5	118437090	118438090	chr5:118437090-118438090	876.351822	1047.818316	1004.629216	309.700638	113.327514	119.979708	963.902626	1363.38402	1343.092411
16958	0.151330886595842	5.3145533383357	0.474781204460745	0.505075119654013	0.598388767907039	chr2	117018070	117019070	chr2:117018070-117019070	349.069272	677.93077	721.18295	277.70946	207.731438	171.435024	621.28136	690.0997	721.49058
23002	0.23215021737882	5.23109839848971	0.471781498791847	0.506438542198237	0.599741050812774	chr5	117403330	117404330	chr5:117403330-117404330	440.628134	698.12529	667.08359	118.094562	43.406547	32.480678	687.486051	772.361476	782.030277
9707	0.0940430905634148	7.04082809204488	0.468169752127208	0.507994285584731	0.601166134693146	chr14	115205200	115206200	chr14:115205200-115206200	1476.390766	2039.598644	2308.296292	827.002584	669.27356	717.06124	1804.371484	2415.49306	2410.283428
22405	-0.112270526184924	5.30298213215515	0.44026978620011	0.520607036388464	0.61284808408935	chr5	67340530	67341530	chr5:67340530-67341530	591.046572	604.05417	647.147744	230.74395	276.476128	164.972099	565.549226	583.66599	685.125396
17015	0.165784422400722	6.5170706806621	0.429273474225474	0.525855434909841	0.617990795469815	chr2	119872800	119873800	chr2:119872800-119873800	1278.55772	1352.495966	1268.565742	689.509124	537.984556	305.252256	1862.72173	1242.236732	1521.06038
9394	-0.138565976791741	5.16699077517658	0.419821378493719	0.530290739137109	0.62225524731123	chr14	65824660	65825660	chr14:65824660-65825660	493.765404	543.38782	592.45196	285.196752	180.46863	244.43377	412.940704	590.83172	597.4787
6665	-0.256438697065509	5.20445030092416	0.418453527736509	0.531020789233152	0.62295680405936	chr12	86824620	86825620	chr12:86824620-86825620	640.914164	586.46878	673.38828	287.919382	85.74399	75.567308	455.58156	599.23934	679.77638
7966	0.173784294039733	6.02929015395259	0.408455327686034	0.53588005261056	0.62706980670796	chr13	65985800	65986800	chr13:65985800-65986800	1303.082346	873.22415	856.729124	187.18165	133.854728	119.979704	816.904778	1598.799652	1420.45223
17136	-0.250933801500637	5.70780959455224	0.406760906813719	0.53671198326604	0.627791865128657	chr2	129177730	129178730	chr2:129177730-129178730	841.60805	891.651154	929.657061	454.34109	146.363499	111.362356	838.972718	781.05595	760.221777
19895	0.149337647761208	5.1438933312173	0.396207733917601	0.541919027883186	0.632333148837744	chr4	29092130	29093130	chr4:29092130-29093130	536.683672	577.128738	617.414336	83.380864	53.242545	36.789368	481.764103	775.17987	836.860831
1074	0.237032933922333	5.42998663237413	0.339378049331016	0.571975975850472	0.659854389225965	chr1	114640930	114641930	chr1:114640930-114641930	201.51183	812.136975	976.344244	183.097651	152.457516	160.414905	452.589047	904.591201	1110.396864
874	-0.281581494832656	4.90427856987469	0.339258492615047	0.572042672785696	0.659854389225965	chr1	87728670	87729670	chr1:87728670-87729670	712.852978	429.964834	409.79196	191.605855	55.273872	50.709633	583.503302	367.072402	433.91267
17578	0.135612722233582	6.35229690280212	0.330359158731627	0.57705274010414	0.664360762296342	chr2	160655540	160656540	chr2:160655540-160656540	1268.747808	1106.633624	1027.97313	695.63544	427.43698	376.51098	1430.330816	1284.466274	1311.202374
12150	0.114000023306478	5.19268020194647	0.321331968569057	0.58214971581537	0.669111980564871	chr16	90298040	90299040	chr16:90298040-90299040	504.39265	594.546274	547.9795	223.25659	159.086138	115.339564	554.32802	683.316238	678.953022
8312	-0.213843291657137	5.23387647479423	0.298096512861752	0.596014018422968	0.681347984041463	chr13	97282320	97283320	chr13:97282320-97283320	571.42706	712.00832	747.16766	191.946122	47.683054	60.984182	457.07752	750.0045	681.83354
30808	-0.0885270947147686	5.66697606047181	0.296392923858037	0.596976901101336	0.682235262686441	chr9	96162970	96163970	chr9:96162970-96163970	774.57355	774.77787	747.59362	274.306156	351.635852	312.626734	668.036134	758.12516	919.466899
32158	0.125249771819788	5.10444308623913	0.296103352027935	0.597196522681316	0.68246218991883	chrX	143543050	143544050	chrX:143543050-143544050	302.880886	596.64992	601.99421	243.336056	187.52492	174.749506	405.459844	666.59617	668.7688
14029	-0.0920587993304741	6.4958420802903	0.277151985066964	0.609060437294463	0.692383066292734	chr18	31568000	31569000	chr18:31568000-31569000	1258.938418	1591.6271	1779.57026	317.868492	239.912178	283.543218	1068.259102	1684.977844	1950.55005
15087	0.104297066402337	6.22753064399597	0.276055609086233	0.609760796338511	0.692984818360942	chr19	23134310	23135310	chr19:23134310-23135310	1167.787923	1170.329199	1078.323815	425.072664	270.061474	232.419273	1062.64885	1462.938684	1475.179924
23734	-0.177230306248382	5.41608698483965	0.266348037579346	0.61604173365196	0.698311320700141	chr6	5324530	5325530	chr6:5324530-5325530	527.69112	794.80353	852.76827	250.82344	173.519257	126.691258	271.179399	916.343968	921.833232
27872	0.146865818332561	5.47935922902571	0.251044643610307	0.626248365228153	0.706890291769954	chr8	13139790	13140790	chr8:13139790-13140790	705.495992	581.08347	606.08342	380.829616	191.159911	160.58057	782.866596	661.341584	820.50452
22273	-0.0990395131733276	5.32811462295016	0.245863503342235	0.629736418700603	0.710011329991957	chr5	53542560	53543560	chr5:53542560-53543560	585.324356	647.38754	589.38484	322.633102	205.700116	220.901936	516.1759	679.8767	641.50796
26037	0.131083502235397	5.67075313777301	0.243867404823276	0.631171680488839	0.711431593404715	chr7	27284640	27285640	chr7:27284640-27285640	715.3059	624.83746	748.70098	515.940862	301.921468	214.936042	583.503184	926.7568	1000.941602
9816	0.105155952532344	5.22624830261378	0.211872157250731	0.654278183096983	0.730742888067524	chr14	122465150	122466150	chr14:122465150-122466150	537.500958	628.2871	544.997688	205.559472	112.365239	141.523044	521.038375	677.77507	798.4904
6281	-0.124692291542983	5.32298725247277	0.192522378675311	0.669347623750019	0.743194813203652	chr12	61471060	61472060	chr12:61471060-61472060	455.34312	755.42518	828.10332	137.493344	175.76446	153.288962	314.942022	869.05008	845.29654
9950	0.179073340108495	5.19876816500942	0.190112261914941	0.671285117714822	0.744912309182653	chr15	12098640	12099640	chr15:12098640-12099640	515.83766	542.54672	540.3972	241.634324	192.870508	91.807664	1011.779782	380.06606	466.62594
2276	-0.119157482666964	5.670577102104	0.182840336302757	0.677222102486306	0.750062582827529	chr10	21101040	21102040	chr10:21101040-21102040	570.609952	1030.569212	890.297016	306.297228	233.925074	220.073286	391.994212	1032.044388	1069.248302
25391	-0.103382094260081	5.79086900395528	0.181591434227764	0.678255895145092	0.750899695936588	chr6	134009980	134010980	chr6:134009980-134010980	579.601822	1112.692078	1081.306082	314.465242	199.71292	199.192744	595.472586	1114.210544	1046.410624
11341	0.0997931049420167	5.16505378537577	0.176815968818885	0.682238192123024	0.754123754888493	chr16	13764620	13765620	chr16:13764620-13765620	388.308872	617.01201	672.535886	108.905612	197.681574	131.911432	451.840868	604.016612	875.23216
19848	0.0822701650730822	6.09327452008277	0.172606621847738	0.685821282103025	0.756742551591384	chr4	22282500	22283500	chr4:22282500-22283500	668.708286	1149.377622	1188.993336	323.994344	429.78902	463.678582	882.7357	1254.657366	1241.661002
20000	-0.06223967293114	6.37089121630903	0.172415691962248	0.685941328991518	0.756823489468654	chr4	40898140	40899140	chr4:40898140-40899140	897.60656	1463.731524	1437.935986	465.571962	590.799684	480.08458	956.795634	1374.467364	1561.077578
4238	0.0601379134268951	6.16347495167448	0.127368812725084	0.727930308467364	0.791433469034984	chr11	47640220	47641220	chr11:47640220-47641220	922.948994	1229.312372	1058.132414	494.15982	381.036872	289.509104	944.078322	1419.18078	1236.10644
11254	0.0584790783786992	5.57024804964064	0.124360008319296	0.730993303221786	0.794071207976858	chr16	8811020	8812020	chr16:8811020-8812020	556.7123	798.16962	766.081	265.457584	272.413492	256.862634	548.343648	882.426158	952.386124
28736	0.0579303807184941	5.6481759228046	0.12399711573911	0.731368795141373	0.794399238148463	chr8	78109710	78110710	chr8:78109710-78110710	642.548784	754.163438	801.437227	310.381234	257.338943	312.046588	686.364266	841.629618	932.943087
24073	0.116174686024361	5.62793537081137	0.116664036424831	0.739138611072027	0.801013546954762	chr6	37863610	37864610	chr6:37863610-37864610	671.97858	749.788102	783.376296	427.45471	139.521146	147.903229	770.149364	896.566698	896.8353
7211	-0.0742415514245319	5.92998422552396	0.115882270840624	0.739977975573343	0.801735554536765	chr13	8762910	8763910	chr13:8762910-8763910	729.20285	1194.520046	1102.00834	346.115913	190.304617	209.715985	797.079979	1149.752736	1116.363292
15323	0.0733112551686161	7.24890289849917	0.110620256152482	0.745712324763914	0.806600511179787	chr19	41455140	41456140	chr19:41455140-41456140	2391.164626	2025.126352	1946.895266	1410.328908	867.27544	741.42197	2301.84524	2325.874526	2653.163406
92	-0.0607908070910186	5.05451040528652	0.10947441693593	0.746937909638086	0.807602791061946	chr1	11619980	11620980	chr1:11619980-11620980	409.563464	607.8407	591.940556	182.417044	154.80961	112.853848	430.894676	604.780738	614.349686
27347	0.0830937547143251	5.48336732618603	0.104821303246683	0.752211549941892	0.811950637771515	chr7	123211320	123212320	chr7:123211320-123212320	722.66312	610.95396	709.51118	262.734926	131.716476	159.089128	582.754966	833.89038	960.410142
31954	-0.147639738636927	5.13058435929888	0.103132041249594	0.754142320956731	0.813506782884042	chrX	103438040	103439040	chrX:103438040-103439040	774.98248	487.51793	545.25344	157.913168	36.350322	54.189736	724.890944	517.45542	515.798924
25791	0.0847399760077635	5.73815357107139	0.1012499249935	0.756314332634604	0.814951394367826	chr7	13011620	13012620	chr7:13011620-13012620	849.374748	735.568218	652.08886	500.966124	275.51406	243.60512	878.247176	814.877746	873.175004
10329	-0.0576702910015495	5.29178416274116	0.0905830588094499	0.769029700580659	0.825213240227172	chr15	55875490	55876490	chr15:55875490-55876490	436.5409	642.17081	752.70526	217.47094	199.285292	228.773488	494.481582	716.37348	661.20772
9867	-0.0774444445334828	5.38297224550841	0.0888024966750084	0.771276955678379	0.826428897431774	chr15	5992200	5993200	chr15:5992200-5993200	419.373832	783.360658	844.46161	208.962788	177.902732	189.08405	382.269058	834.846198	868.853834
27584	0.0663724706517095	5.40946193933282	0.0780823090312046	0.785114845814297	0.837676349217176	chr7	136239880	136240880	chr7:136239880-136240880	453.708184	719.4132	835.771	165.400392	200.99591	162.900656	429.398548	989.62372	845.29656
25970	0.0984506225168688	5.4677127423255	0.069506838780611	0.796946122641537	0.847038829127344	chr7	24278950	24279950	chr7:24278950-24279950	647.453942	691.814036	690.938421	342.71259	113.541304	90.896278	751.447578	795.482681	780.590197
21589	0.0526425230734288	6.41738020802702	0.0688742503107936	0.79784930430966	0.847692004211797	chr4	150677800	150678800	chr4:150677800-150678800	1197.62606	1331.208258	1366.966918	592.174524	348.428504	310.22385	1117.633094	1583.990962	1678.455224
10726	0.064686362175204	5.24031773008873	0.0687472130537088	0.798031219316737	0.847829706521086	chr15	81518480	81519480	chr15:81518480-81519480	460.24808	645.3681	626.360004	267.499504	131.288832	140.694416	531.137566	720.3866	683.8909
12175	0.0533267389045943	5.13842949905388	0.0675418131745886	0.799732977211772	0.849303636132119	chr16	91254180	91255180	chr16:91254180-91255180	367.054056	619.956922	568.256138	243.676468	181.965468	208.141542	445.108028	678.921202	592.74678
26348	0.0704994796980152	5.87871725060846	0.0663443126903059	0.801506725833887	0.850518594494936	chr7	44707700	44708700	chr7:44707700-44708700	822.80635	926.737876	995.342682	298.129282	193.61895	218.416096	504.95474	1320.771842	1356.362984
25623	0.102118762457369	5.81816924565194	0.0613195023784203	0.808999231402102	0.856340112249315	chr6	148957410	148958410	chr6:148957410-148958410	1099.936093	724.292784	658.223177	469.996282	147.005041	146.245953	953.803823	983.700344	993.32882
18041	0.0566514346173142	5.37839564711226	0.0580782811777862	0.814007404417765	0.860431865575578	chr3	8123510	8124510	chr3:8123510-8124510	352.747958	707.12808	759.60647	274.986868	275.620878	262.828488	427.52818	782.01108	807.748492
20937	0.0459083050595627	5.27037691887661	0.0554521146424725	0.818145160909603	0.863731696942362	chr4	124353580	124354580	chr4:124353580-124354580	483.138028	603.296826	640.672856	279.070868	208.907444	155.111816	475.031354	714.080766	734.298206
28261	0.0534123321649881	6.05396608993368	0.0511993266312879	0.82515293813374	0.869378153298772	chr8	41381770	41382770	chr8:41381770-41382770	1017.777724	915.463396	892.341524	582.305182	342.334445	346.43311	1140.075762	982.07658	1022.44126
3827	0.0447557665886743	5.42527550058356	0.0474707472389432	0.831514740967377	0.874456086747184	chr11	11097980	11098980	chr11:11097980-11098980	659.716326	669.93749	737.114376	170.845724	148.394876	104.567918	494.481212	932.871878	908.562606
31991	-0.0450384037503727	5.24020755955139	0.0443408219543108	0.837068155252501	0.878733162364878	chrX	106987210	106988210	chrX:106987210-106988210	391.169756	704.01475	700.821311	226.659924	182.07224	170.357885	421.543688	656.468628	785.013954
15021	-0.0590390472959907	5.88140779286802	0.0434290171579102	0.838740919927264	0.880175644556886	chr19	14670280	14671280	chr19:14670280-14671280	867.359186	1025.6048	968.846734	385.93469	166.356174	184.278286	1079.854928	938.70008	882.329924
18327	0.0358911716185496	5.65037635602243	0.0404982519899385	0.844170142362366	0.884384310478264	chr3	34649170	34650170	chr3:34649170-34650170	694.050898	731.36102	731.91763	373.34221	331.21554	275.17444	537.12216	954.94212	927.18262
25016	0.0455141834109021	6.3224780934256	0.0368386028187154	0.85130302349289	0.889872587454307	chr6	113487140	113488140	chr6:113487140-113488140	1373.3871	1166.626518	1200.409122	379.808622	299.99704	245.593826	1692.907216	1181.663562	1229.934276
7496	-0.0336221405119724	5.93006227467894	0.0324565086237427	0.86030860614382	0.897001086418722	chr13	34152580	34153580	chr13:34152580-34153580	767.624932	970.828636	987.760862	511.856822	367.458896	284.206112	686.738304	1094.719996	1097.229704
10227	0.0386446736012631	6.05027546342061	0.0186929338610249	0.893729040967781	0.922970486221657	chr15	41882580	41883580	chr15:41882580-41883580	577.149794	1296.121344	1420.640956	256.60905	232.214396	184.112404	632.876574	1424.53079	1564.678082
17602	0.0264742354888243	6.11262139851003	0.0147014930711629	0.905687164956442	0.931876055839645	chr2	163462930	163463930	chr2:163462930-163463930	1122.82573	996.071408	998.324788	380.829473	343.831288	330.855658	677.01325	1414.212484	1435.677144
25648	0.0268932788480161	6.39841077134295	0.0112683609660912	0.917378910777303	0.94002701981214	chr7	3210880	3211880	chr7:3210880-3211880	1445.32614	1226.62016	1210.633272	562.225748	275.834808	284.70322	1300.912414	1483.003026	1522.398032
9405	-0.030737696836581	5.23740817312836	0.00859317941211982	0.927814767349278	0.948083204564328	chr14	66761930	66762930	chr14:66761930-66762930	579.193006	605.316389	612.387889	270.902968	121.666638	93.630574	383.017327	735.386796	818.65315
4196	-0.022522467933149	5.06077163295615	0.00735186058746406	0.933216689773054	0.952012594904435	chr11	43695850	43696850	chr11:43695850-43696850	388.717792	595.47224	534.17771	187.181585	210.831872	185.023952	264.0725	638.7937	732.137592
24066	-0.0154296109195167	5.36463549420962	0.0065919614622307	0.936743331615343	0.954768954774335	chr6	37802880	37803880	chr6:37802880-37803880	454.525556	695.76906	727.572702	302.893862	238.629156	183.615352	593.22822	591.59608	785.32256
5824	-0.0172407064645524	6.61230492530899	0.00486531014445076	0.945647348423239	0.961456087773664	chr12	12177280	12178280	chr12:12177280-12178280	1155.116984	1768.156552	1799.676686	623.485224	343.831316	312.2124	1059.282038	2060.457906	1907.651988
17030	0.0272919521780855	5.21370404888355	0.00436229496105732	0.948528991391054	0.963539713106214	chr2	120476340	120477340	chr2:120476340-120477340	311.464552	793.45733	742.907876	199.433386	124.018736	61.64704	296.98808	876.69374	848.074542
18341	0.0102828026061984	5.6403304600586	0.00308027516234431	0.956732727157082	0.969564138041203	chr3	35417500	35418500	chr3:35417500-35418500	567.33968	948.446802	859.796454	238.231168	195.2226	223.05623	626.892022	982.74484	947.036796
20924	-0.00933058112411114	5.92473660919131	0.00278500691093484	0.958859177809859	0.971051238960429	chr4	123622870	123623870	chr4:123622870-123623870	860.002001	944.239557	896.260322	479.525514	322.448752	298.126342	884.231396	1003.382108	994.974711
9834	0.0112572833429529	7.01989824961809	0.00230697025177706	0.962555469129928	0.973608277811899	chr14	124033180	124034180	chr14:124033180-124034180	1611.277542	2345.369758	2420.75496	641.863022	334.85059	385.9569	1502.147078	2781.705464	2646.2713
20020	-0.00817407553525296	5.62423326787392	0.000895102940476336	0.976669966126612	0.983345327336978	chr4	41328740	41329740	chr4:41328740-41329740	491.313058	911.593192	957.0904	333.523468	203.134126	159.586278	522.160484	928.859692	1063.693528
21762	-0.00592863798438356	5.14573095630367	0.00033898903391216	0.985641283481591	0.990254078578622	chr5	8423480	8424480	chr5:8423480-8424480	513.385312	499.80254	585.46596	185.139614	217.674326	181.12961	225.920378	798.731444	750.757434
12682	0.00363091099119409	5.13384214635789	0.000134657892098641	0.99094986951251	0.993647332656444	chr17	26549530	26550530	chr17:26549530-26550530	276.721146	683.568561	692.72753	208.962822	205.058566	139.451548	302.598729	683.698588	787.174424
139	-0.00155617927092006	6.66093488261297	6.64766662615645e-05	0.993641144790502	0.995576031574473	chr1	15790680	15791680	chr1:15790680-15791680	1609.642284	1537.103644	1786.89743	464.891322	273.696514	283.211752	1584.435662	1883.514448	1845.106872
