regionID	logFC	logCPM	F	PValue	FDR	V1	V2	V3	V4	DMSO1	DMSO2	DMSO3	PDsiNanog1	PDsiNanog2	PDsiNanog3	t2i1	t2i2	t2i3
12238	-5.99072364869723	5.10753153078135	511.808144191781	1.21682364659504e-14	6.60193060981512e-11	chr4	136289940	136291540	chr4:136289940-136291540	950.022717	923.055585	822.611257	265.234288	206.010741	252.694417	7.0374	16.748475	15.352593
2376	-6.84615328500348	5.03561687259609	563.010031923968	5.31030540967142e-15	6.60193060981512e-11	chr11	68390740	68392240	chr11:68390740-68392240	632.252497	775.47292	888.482945	313.194513	331.29884	291.448817	9.3832	3.915228	4.934762
4395	-4.92349396563244	6.12345185509614	525.363783158788	1.35112419745513e-14	6.60193060981512e-11	chr13	53464030	53465580	chr13:53464030-53465580	1740.611922	1769.663363	1489.984442	619.667716	730.427169	463.075177	68.0282	39.043516	46.057775
4397	-3.92263267085617	6.4580705581897	531.677545869794	8.73989830090222e-15	6.60193060981512e-11	chr13	53475230	53476840	chr13:53475230-53476840	1960.995922	2058.474195	1690.860549	1046.585221	860.900945	748.888499	117.680967	90.050307	143.519364
17250	-5.5820144147906	4.66902669905113	368.716713858171	2.06372128889343e-13	8.0670865182844e-10	chr8	57409700	57411420	chr8:57409700-57411420	521.854882	497.190496	493.476531	295.754455	268.514674	373.307338	9.3832	13.05076	6.579682
10836	-3.05275160487171	6.23577033696115	341.665973115213	3.96253669682463e-13	9.68097246742968e-10	chr3	89912240	89913830	chr3:89912240-89913830	1316.416751	1267.920879	1114.875347	986.454463	1175.382694	1026.891832	108.102283	168.463623	138.173316
5224	-2.50471348392263	6.24524321554788	300.761087190936	1.17439532517211e-12	2.08668696640808e-09	chr14	46397720	46399240	chr14:46397720-46399240	1187.253803	1143.101816	945.587029	1179.38499	1092.838176	1208.503696	181.017552	156.391673	200.680363
374	-3.0953465100766	5.69352652853804	281.919599501294	2.03233510799736e-12	2.85088478299324e-09	chr1	89935090	89936960	chr1:89935090-89936960	943.72179	937.377129	1046.080759	670.897501	575.989222	574.790561	106.733898	129.093789	82.246005
4179	-4.55880672365522	4.38897289288441	277.346937651027	2.33380181774837e-12	2.85088478299324e-09	chr12	118528820	118530320	chr12:118528820-118530320	479.942165	525.075514	595.769025	170.040648	131.174172	125.754059	18.7664	19.57614	24.673806
5677	-4.29087497694408	6.18606812021992	347.319469199607	2.25777030905664e-12	2.85088478299324e-09	chr15	30646200	30647840	chr15:30646200-30647840	1214.099803	1162.829538	1054.398859	1153.952411	1102.367751	1161.84046	56.690167	76.129461	29.608568
8771	-2.00711941206314	6.80892921327935	279.656524959848	2.17574697395291e-12	2.85088478299324e-09	chr19	45142640	45145600	chr19:45142640-45145600	1914.015601	2010.765549	2033.034332	1137.238328	1191.49958	1328.721504	469.550478	388.912772	524.730109
18941	-6.29254184264212	4.07103195857609	260.779409981612	3.9246868585893e-12	4.03726340269094e-09	chr9	100582960	100584460	chr9:100582960-100584460	493.091074	528.869481	543.161448	34.880129	37.558429	49.827088	9.3832	3.915228	4.934762
19409	-3.0962378389072	5.18054417779951	262.417052707298	3.72305637932324e-12	4.03726340269094e-09	chrX	99566940	99568780	chrX:99566940-99568780	745.389486	782.112114	621.62328	421.104802	373.902432	382.205152	84.057833	63.94879	86.084168
20	-3.08831190163528	6.81678586744373	335.908602491969	3.56404308096573e-12	4.03726340269094e-09	chr1	13124960	13127930	chr1:13124960-13127930	2065.092999	2214.688531	2081.257791	1083.827669	1312.583538	1591.103697	280.322805	179.121758	237.691213
14850	-4.54663477119824	4.38050160605296	246.824017288541	6.23248693449206e-12	6.09069785673236e-09	chr6	97276280	97278840	chr6:97276280-97278840	481.996719	497.380009	546.75875	182.030666	180.224348	121.601881	23.458	14.355836	22.754728
8205	-2.24838574975126	5.98229797191983	240.041070488322	7.87331890393791e-12	7.32781037987935e-09	chr18	75330430	75332800	chr18:75330430-75332800	889.755561	861.973929	991.337549	983.910507	946.107807	878.003918	195.874287	177.272823	164.0808
7900	-2.12099452621304	6.26996931683636	235.354399238739	9.28675941567463e-12	8.25044148997094e-09	chr18	35928910	35931640	chr18:35928910-35931640	1205.881607	1267.825656	1466.379598	885.992633	920.882378	940.980108	287.360396	302.995233	252.495427
13331	-1.56135505626444	7.40532978152091	226.289191625225	1.28950713316019e-11	1.0883693624638e-08	chr5	99727380	99730440	chr5:99727380-99730440	2585.441259	2818.866285	2462.661946	2086.268829	2062.910707	2009.691493	799.134799	930.5193	750.632825
15232	-3.36662458977468	4.98514271493396	218.897812731526	1.70078736920407e-11	1.32967556524374e-08	chr6	127334360	127337500	chr6:127334360-127337500	407.622046	352.832463	534.618411	549.362067	565.618588	493.920507	40.660532	29.581723	46.606076
15231	-2.09418861561582	5.85311116137173	215.512192581275	1.93634902480167e-11	1.45561314191341e-08	chr6	127329740	127331440	chr6:127329740-127331440	998.78374	979.584394	1036.413904	699.056014	702.398737	579.338198	217.377347	219.252871	220.967757
15288	-3.60978514027762	4.71152280119732	212.240457622637	2.19890997534978e-11	1.59176649882265e-08	chr6	137109420	137112040	chr6:137109420-137112040	281.061977	267.849223	221.671037	540.642057	551.04351	531.093176	18.7664	24.796451	14.804283
18550	-1.7972378418372	6.90082920789036	210.435963698378	2.36049968689414e-11	1.64771308501235e-08	chr9	46442220	46444720	chr9:46442220-46444720	1835.394747	1872.288228	1922.648603	1414.826538	1352.664308	1708.355987	471.505563	451.121385	589.430147
11126	-4.08771320837477	5.47066104885567	236.501261113652	2.61657095300364e-11	1.64970578311149e-08	chr3	137779440	137780980	chr3:137779440-137780980	922.628565	714.011653	911.41419	587.149233	604.859161	458.329583	30.4954	72.214207	36.188251
12181	-4.67330765158713	5.41147603525354	258.839626951298	2.54571490568612e-11	1.64970578311149e-08	chr4	134342930	134344480	chr4:134342930-134344480	1215.880737	1089.702537	1090.145024	266.324328	228.293498	277.014693	35.187	66.558936	21.383974
2213	-4.49042758866943	4.57865404656277	208.458496868379	2.55290392679581e-11	1.64970578311149e-08	chr11	53762560	53764060	chr11:53762560-53764060	474.46336	531.525144	420.410679	308.834505	262.34837	276.421609	30.495401	18.271064	9.869526
18466	-3.47632934727867	5.30895711816295	198.337224767013	4.32947084629454e-11	2.4888090497302e-08	chr9	43452680	43455860	chr9:43452680-43455860	531.990781	599.435619	723.466118	624.93572	454.625027	720.91049	35.187	61.773706	58.120521
4336	-3.19474273001174	4.5815630223523	195.832824038871	4.28168565370217e-11	2.4888090497302e-08	chr13	48227140	48228780	chr13:48227140-48228780	487.338762	517.487637	431.651542	255.060729	259.545608	248.542161	42.224401	43.067487	60.86206
10619	-3.76214463413783	4.73303926833024	192.688679879989	4.89344686281276e-11	2.65673385926876e-08	chr3	37757480	37759180	chr3:37757480-37759180	509.52745	335.760056	390.734572	513.755449	338.586275	381.611901	30.4954	19.576147	34.543335
1161	-4.67203662391827	5.44034891542179	244.345152204249	5.67418888561823e-11	2.97770031932075e-08	chr10	13089990	13091710	chr10:13089990-13091710	998.783901	1176.10804	775.174091	425.101573	363.251564	457.143276	49.261799	15.660912	42.76793
13963	-7.78216602354695	4.00219363835084	188.201768178196	5.94168904852951e-11	2.97770031932075e-08	chr5	128596360	128597860	chr5:128596360-128597860	413.648783	446.542007	390.734488	111.180428	121.083846	105.586015	0	0	4.934762
14527	-3.34177200790353	4.80012722548124	188.215702728112	5.93806967147582e-11	2.97770031932075e-08	chr6	54698200	54700020	chr6:54698200-54700020	425.702233	460.579259	601.164737	350.981269	293.179867	433.020682	44.5702	52.203078	39.478088
17822	-3.14521781679331	5.20941869986724	186.974265983811	6.27035652196195e-11	3.06385295554366e-08	chr8	117135800	117137320	chr8:117135800-117137320	660.194119	664.880695	868.024479	414.201582	369.417832	422.936603	84.448798	48.505344	98.421066
18775	-5.01265185312036	4.50502684378462	188.550581970328	6.94416682456407e-11	3.23151763300249e-08	chr9	69668120	69671680	chr9:69668120-69671680	270.652304	439.712741	553.727999	262.690991	327.655116	309.837456	12.510933	5.655329	18.094131
2765	-3.36383687521496	4.70705801600808	175.62278198858	1.04820362667479e-10	4.65616815530881e-08	chr11	95577300	95578800	chr11:95577300-95578800	689.231615	563.393501	573.287236	194.020564	218.623609	193.376454	67.246267	32.191891	65.79681
16026	-4.65124678026126	4.3836604710162	174.88697957404	1.08482920364146e-10	4.71177484114941e-08	chr7	88429560	88431290	chr7:88429560-88431290	470.080175	399.212916	332.50653	265.961039	301.027964	217.993423	23.458	14.029583	6.579682
4394	-6.34183009024357	5.75720909269054	308.99595642514	1.12321373945128e-10	4.77243750816852e-08	chr13	53461780	53463330	chr13:53461780-53463330	1521.871417	1685.249307	1229.420194	440.362273	337.044764	208.89808	28.931532	11.745684	9.869524
4125	-1.31262603010781	7.29003522833256	168.785801376047	1.44974528581304e-10	6.02878119387571e-08	chr12	112876960	112878680	chr12:112876960-112878680	2374.234263	2305.551856	2304.389395	1781.79389	1957.523301	1883.541658	861.298274	758.901512	1003.950734
17238	-2.28574435755966	5.27114171760299	162.929377223076	1.93252474778355e-10	7.70840738682235e-08	chr8	56622120	56624350	chr8:56622120-56624350	607.324192	640.03088	717.283612	486.687185	441.872012	487.098861	141.334437	124.852283	108.564746
6660	-2.31403285577183	5.520193733705	157.067387527464	2.60146034544654e-10	9.93879872056276e-08	chr16	23983600	23985800	chr16:23983600-23985800	1045.627105	1043.511846	823.285333	361.881542	425.475282	314.384994	147.785371	209.899758	187.520992
3863	-2.84649086006595	4.99776550988016	154.837675575685	2.92055477363455e-10	1.07702345378655e-07	chr12	105221630	105223280	chr12:105221630-105223280	699.641532	546.795489	506.96572	289.032742	373.481991	470.687923	65.682399	83.524891	77.448335
3059	-4.27052370198267	4.34380714580846	149.444994274309	3.88814755218829e-10	1.39586218155279e-07	chr11	108890960	108892480	chr11:108890960-108892480	393.651063	436.677491	493.251887	188.570741	221.146262	198.319656	9.3832	18.27108	36.188253
991	-2.81310328242827	5.24891877649011	149.10704518859	3.95972132190414e-10	1.39586218155279e-07	chr1	180937100	180938600	chr1:180937100-180938600	787.302378	740.947891	673.106717	345.894662	395.204335	492.734153	88.358467	130.942689	71.279887
19104	-2.54401457263217	4.93740645814436	146.862480520715	4.47396478141535e-10	1.53409897636426e-07	chr9	114367240	114368880	chr9:114367240-114368880	565.685078	441.420027	515.059282	385.134762	392.681625	424.716346	62.163701	76.999531	104.178274
2347	-1.76749449784296	6.20743239634772	146.318230997752	4.60956550106798e-10	1.55334409859265e-07	chr11	63924520	63926170	chr11:63924520-63926170	1388.873738	1346.26475	1185.580637	749.74135	738.275582	775.383913	423.02557	290.92334	359.141135
4673	-2.44750262039858	5.18456855128449	144.894157159682	4.98650297121951e-10	1.65188475546585e-07	chr13	93673750	93675320	chr13:93673750-93675320	784.15208	778.792361	752.805079	233.260765	341.529413	318.141719	160.100839	105.602415	129.674613
13059	-3.95431345946208	4.21927946495944	143.868943421976	5.27907456990176e-10	1.7196585411455e-07	chr5	37090730	37092230	chr5:37090730-37092230	412.552953	369.146321	386.912661	171.130638	144.067355	267.523866	23.458	16.965988	29.608565
9123	-2.83770127333415	5.53231553750932	152.701312307414	5.57043212699943e-10	1.75603380519684e-07	chr2	29750980	29752520	chr2:29750980-29752520	1080.418036	998.933098	1111.052519	390.220953	353.161206	274.444282	140.747947	83.524867	193.004039
11477	-3.04040339538128	5.38602350373376	152.745589811608	6.28865479086293e-10	1.93321150070209e-07	chr4	55514230	55515760	chr4:55514230-55515760	869.483795	932.729811	681.987102	442.541722	534.787211	369.649483	129.409846	58.0759	93.760452
5223	-1.454015690242	6.9299938743336	140.646756213535	6.33029092069244e-10	1.93321150070209e-07	chr14	46388960	46391040	chr14:46388960-46391040	1896.209656	2043.961977	1537.758804	1580.143318	1413.766564	1515.7708	567.29202	575.973669	722.669277
3645	-1.89126446779051	6.02927509967739	140.360268543627	6.43448286986892e-10	1.93479950294751e-07	chr12	78910460	78912620	chr12:78910460-78912620	1152.464605	1028.90532	1229.308426	769.90616	644.9399	714.978684	257.64693	240.569064	360.51194
13735	-2.82697089019382	5.68948647114217	154.660141525786	6.81970168369432e-10	2.01956165769402e-07	chr5	119686530	119688060	chr5:119686530-119688060	1090.279774	1201.432832	810.358235	524.836884	575.42893	478.497728	164.205964	82.219853	161.613519
737	-1.72939737032535	6.04187497578995	138.314987914471	7.23616912173375e-10	2.11090933558636e-07	chr1	146497090	146498750	chr1:146497090-146498750	1059.598251	1072.535159	1057.771258	805.513194	802.180211	727.435473	240.835374	340.842436	314.454239
17433	-3.08721626495723	5.29401453290032	147.971137665967	7.86066298701098e-10	2.13800377163877e-07	chr8	88446860	88448360	chr8:88446860-88448360	643.757968	709.838194	735.606344	511.575234	523.575737	465.052544	42.2244	112.236528	74.021421
18939	-8.22132366486812	3.38894119884068	136.998923244408	7.81050096716619e-10	2.13800377163877e-07	chr9	100579540	100581040	chr9:100579540-100581040	287.088701	303.89117	366.004409	26.88676	30.270967	33.218051	0	2.610152	0
8126	-5.15780782910236	5.81475371727082	231.662516951876	7.87599240511596e-10	2.13800377163877e-07	chr18	61036720	61038780	chr18:61036720-61038780	1033.848136	1046.357224	788.663737	726.669647	929.991329	845.082499	14.0748	13.05076	47.702693
1956	-1.68512582893941	6.12697093344736	134.413100889628	9.0925743948055e-10	2.43444337734895e-07	chr11	5897420	5898960	chr11:5897420-5898960	893.043172	765.988098	905.569175	1138.691551	1012.396023	1214.040065	239.271599	220.55793	284.023009
10589	-3.3813595815181	4.35678897361946	133.846150790166	9.40394592692107e-10	2.47839306405366e-07	chr3	30649920	30651600	chr3:30649920-30651600	538.017142	379.769093	573.736722	130.800507	139.582771	144.735871	58.645	44.372603	29.608577
10828	-2.65219769435967	4.73617020343287	133.657206059208	9.51033409076615e-10	2.47839306405366e-07	chr3	89379780	89381280	chr3:89379780-89381280	508.979785	525.454942	580.481372	200.560747	250.576288	313.198603	77.411402	92.225398	69.086649
15824	-2.79627536411945	4.57564494175518	132.227263637495	1.03602613582023e-09	2.66435931902716e-07	chr7	49676620	49679820	chr7:49676620-49679820	312.839026	259.881987	385.113941	369.147859	370.258865	443.500227	40.269566	37.629719	50.444224
18751	-2.15708922845068	5.65603904587954	131.385316492336	1.0899997930545e-09	2.76675921496757e-07	chr9	65162330	65163960	chr9:65162330-65163960	989.744106	916.795375	839.472308	474.15168	593.227189	556.006616	234.57968	137.033037	202.325351
11367	-2.82671289652557	4.57786200887715	129.538285427724	1.21970148776473e-09	3.03923055481223e-07	chr4	44557180	44558830	chr4:44557180-44558830	587.189303	476.32402	538.665158	240.709284	172.79674	143.35173	77.4114	76.673225	55.516072
14195	-2.45000416767192	6.07319104074158	145.17674473058	1.27509289073729e-09	3.03923055481223e-07	chr5	147298760	147300260	chr5:147298760-147300260	1220.674563	1411.330409	1211.322511	755.009683	824.042965	550.470036	272.112575	143.558423	240.706851
4362	-3.27661173561131	4.16382502564223	128.96890391201	1.26307674273569e-09	3.03923055481223e-07	chr13	49223570	49226700	chr13:49223570-49226700	307.49724	292.699248	360.384091	211.642489	244.410019	225.803596	23.458	30.886837	37.833168
750	-1.9111465258833	5.73368100998981	129.060954412825	1.25594965219714e-09	3.03923055481223e-07	chr1	153185110	153187020	chr1:153185110-153187020	927.148436	988.500367	814.742404	578.247303	548.941682	662.779054	266.44369	208.703511	200.406198
3652	-3.42995466864669	4.69958709766413	133.978794196388	1.38147224571314e-09	3.25311747499558e-07	chr12	80021640	80023140	chr12:80021640-80023140	649.784747	618.784693	786.414892	129.347137	168.172011	86.999697	87.576534	38.717268	50.992537
14287	-1.81004893942832	6.08303214787685	126.258040613945	1.49453853391126e-09	3.43655948768183e-07	chr6	17064320	17066140	chr6:17064320-17066140	952.213729	960.994631	981.557556	867.643994	897.478076	1102.52221	234.579973	216.207656	320.211445
8863	-1.92981787551713	5.37148433554905	126.262438731306	1.49412673930826e-09	3.43655948768183e-07	chr19	56775200	56777780	chr19:56775200-56777780	657.454997	671.140694	683.897984	577.702313	539.271575	404.943649	168.897572	150.083742	173.265015
19129	-1.7396058632988	5.7327593480911	122.584738343178	1.8869914245404e-09	4.19105084007298e-07	chr9	118485640	118489180	chr9:118485640-118489180	813.600687	876.390198	802.601894	673.622945	663.719125	639.051876	239.271496	260.580219	194.100782
4716	-1.34403390039376	7.06865599415589	121.861265550851	1.97709863015895e-09	4.29359919182853e-07	chr13	98357840	98359460	chr13:98357840-98359460	1838.681771	2161.384158	2233.347169	1504.932753	1349.860963	1710.72944	706.085076	834.379042	746.794578
12877	-1.83729026243419	6.0782570375203	120.315346076192	2.18611572051544e-09	4.64430779972546e-07	chr5	24598200	24599700	chr5:24598200-24599700	1291.898721	1276.646361	1187.491152	620.575725	546.559281	751.755361	279.150093	395.873087	302.665568
4391	-11.9964512960467	4.05372082664751	178.39838618985	2.34689791560031e-09	4.87979997451149e-07	chr13	53236200	53237900	chr13:53236200-53237900	603.214961	478.410463	570.139745	13.080058	30.270976	3.559076	0	0	0
2574	-6.02139793092263	4.36311162637878	148.407478649987	2.53491767084585e-09	5.21525956596654e-07	chr11	81610060	81612980	chr11:81610060-81612980	442.412417	382.424949	654.671368	172.947321	197.04154	167.276653	14.0748	0.217513	6.579682
10558	-1.0542899999172	7.75614170853957	116.188006371787	2.87509874811977e-09	5.8535213575001e-07	chr3	17785780	17787720	chr3:17785780-17787720	3245.635593	3131.103787	2864.638047	2537.530355	2504.643091	2594.961006	1295.66193	1565.439139	1279.200816
14196	-2.22923422256373	6.39024357907207	137.39920646417	2.99229111696147e-09	5.96778876336857e-07	chr5	147301120	147302620	chr5:147301120-147302620	1374.628473	1615.821018	1479.30619	900.343835	985.488255	969.650121	281.495828	196.196459	414.520296
4298	-4.08679952695976	3.92695622797157	114.871518383062	3.14326760183293e-09	6.20557225028531e-07	chr13	40859940	40861860	chr13:40859940-40861860	334.480203	334.052708	348.918196	123.89711	131.454469	164.310695	9.3832	18.271064	27.963647
8962	-1.0453196527127	7.39905465085758	114.275899273335	3.27363874093517e-09	6.23707632374014e-07	chr2	13792120	13794520	chr2:13792120-13794520	2340.265067	2186.233619	2094.184808	2108.431458	2354.689731	2231.935732	923.852955	932.041912	1136.915505
9437	-3.10493755257258	4.31500654048967	114.161767076335	3.29930050989527e-09	6.23707632374014e-07	chr2	77171060	77172720	chr2:77171060-77172720	382.967686	363.076047	441.993286	208.554097	221.987091	199.308233	39.878599	60.033496	27.963647
4180	-1.77186987785035	6.0346383570337	110.0757733546	4.38342973042336e-09	7.96872614233243e-07	chr12	118842440	118844020	chr12:118842440-118844020	1061.242299	1003.865422	985.604649	738.296212	730.988027	1005.636303	225.196693	309.302956	297.730894
13962	-2.0296732298385	5.19308319651551	109.742082811792	4.48813617909115e-09	8.04776345140702e-07	chr5	128552020	128553620	chr5:128552020-128553620	710.325189	647.618387	641.632182	357.520967	371.940515	399.605046	109.470668	172.487628	174.361664
4499	-1.51765270863483	6.74835628724774	111.636018656711	4.95204503187212e-09	8.64176072749469e-07	chr13	56220540	56224620	chr13:56220540-56224620	1607.751423	1757.428478	1888.02568	1024.967401	1183.651049	1334.653302	648.222174	443.508642	620.409766
6684	-3.54523374384907	4.36172695227561	108.160107551415	5.45059553124575e-09	9.26364257897376e-07	chr16	30067860	30070960	chr16:30067860-30070960	482.133487	543.665632	340.375293	207.100806	155.839405	189.421937	57.863067	19.57614	31.253494
8207	-3.82418297537939	4.7300173162704	119.943595823635	5.91221114730703e-09	9.96156610983757e-07	chr18	75343610	75345160	chr18:75343610-75345160	408.44404	268.513092	218.523553	473.788718	409.919324	656.748172	9.3832	26.101526	23.02889
6657	-3.78411383782794	3.82085264455591	105.508300139469	6.08893246445644e-09	1.01716397451112e-06	chr16	23609320	23610820	chr16:23609320-23610820	327.083944	221.943093	258.541189	185.300695	164.808574	157.785759	18.7664	22.186308	13.159363
12055	-7.12357521241433	3.92485808071599	118.179062862589	6.43607856689879e-09	1.05708534109275e-06	chr4	129248640	129251800	chr4:129248640-129251800	395.568759	354.539664	360.384096	78.843636	140.423633	161.740304	7.0374	0	0
9122	-3.70650334095063	4.21241509553707	103.301846656943	7.16821318563167e-09	1.15787377448902e-06	chr2	29746700	29748200	chr2:29746700-29748200	478.298798	360.420415	464.924736	183.847349	173.777748	83.836081	25.803799	19.576147	47.702714
15071	-3.01138309771324	4.20905371607174	101.7128255426	8.0771953380047e-09	1.27313534581695e-06	chr6	119439660	119441180	chr6:119439660-119441180	352.286311	291.940437	236.059421	319.73454	282.52899	195.35374	39.8786	29.364244	32.075949
1864	-2.59315383564604	4.29048307887263	101.199255113391	8.39783169234426e-09	1.31308496341495e-06	chr10	126618880	126620380	chr10:126618880-126620380	265.721442	294.027091	267.534	355.341508	276.923271	281.957922	35.187	43.067534	49.347611
2005	-2.36514692407406	4.62686547509501	100.582601423728	8.80166309670854e-09	1.35785451321754e-06	chr11	20894220	20895800	chr11:20894220-20895800	492.543128	431.366161	557.100264	236.894254	266.83291	179.140242	112.598372	75.2594	79.504479
19410	-3.38751136970194	3.9186617392352	99.9302455871478	9.25252536421624e-09	1.40525510064748e-06	chrX	99575140	99576640	chrX:99575140-99576640	318.865651	255.329357	392.083545	132.253791	168.172005	129.313153	28.149598	22.621317	35.091631
11301	-4.32265123689357	4.44333356430614	115.992450773176	9.41655405570648e-09	1.41574268475987e-06	chr4	34888530	34890060	chr4:34888530-34890060	368.585642	448.059424	342.286142	333.541267	282.809322	275.136365	32.8412	15.660912	4.934764
7509	-2.16857026502882	6.0267239944135	110.040348961182	1.07970797378212e-08	1.58668363515576e-06	chr17	47973740	47976280	chr17:47973740-47976280	1096.031893	1133.237835	954.579398	755.736015	663.158496	1065.350013	258.037906	235.348791	164.492135
6831	-4.15844980401659	4.06559409884363	98.6448439646447	1.10325339943035e-08	1.60918564864674e-06	chr16	78237830	78239330	chr16:78237830-78239330	396.938148	466.839288	448.962742	71.940248	162.566337	56.945265	16.4206	33.496965	18.094124
6013	-2.46917430464726	4.70894867968724	95.1271546494439	1.34844817301093e-08	1.92375325120428e-06	chr15	80615380	80617510	chr15:80615380-80617510	531.305674	496.621229	615.103365	232.715851	183.447633	246.268371	89.140399	124.308574	61.684517
15289	-3.46445008639337	5.52175333670972	130.975931086018	1.36546303341257e-08	1.93391123101802e-06	chr6	137168820	137170450	chr6:137168820-137170450	717.858779	596.400804	465.486957	784.076943	876.45694	781.217516	25.8038	80.914743	42.767931
2018	-3.50061306497785	5.11874288395751	124.242168691123	1.37698548995501e-08	1.9347841059568e-06	chr11	28852460	28854030	chr11:28852460-28854030	899.618022	820.61987	590.710771	291.939456	322.890142	326.347417	29.322499	97.336924	62.918204
1368	-5.74632151905798	3.61320890899197	93.9000173659199	1.48851196548432e-08	2.04880044826698e-06	chr10	61827600	61829100	chr10:61827600-61829100	355.025772	322.481321	210.879762	119.900456	92.494617	88.976987	0	5.220304	9.869524
2017	-1.87805914641657	5.1554253296607	93.0104808634518	1.60015395365768e-08	2.17187562668329e-06	chr11	24304440	24306740	chr11:24304440-24306740	664.029733	559.2206	482.460476	401.121248	420.990805	496.293276	140.747999	164.874651	125.56227
13558	-4.86137366377444	5.26245426097188	150.496544168245	1.64094418208038e-08	2.18178598903137e-06	chr5	113334470	113336730	chr5:113334470-113336730	720.187032	834.847069	408.944853	498.131795	515.167173	666.732905	16.4206	9.135532	37.284866
2785	-1.56268523672297	6.38374578846733	92.5916701577243	1.84981950777588e-08	2.39435246883971e-06	chr11	96202200	96204340	chr11:96202200-96204340	998.235996	1170.03851	1293.606092	995.537699	1110.496115	1382.502757	320.59241	330.184358	443.854738
14851	-5.98040728948592	4.08357156507104	110.092342662988	1.89829389258777e-08	2.44093119280447e-06	chr6	97278900	97280400	chr6:97278900-97280400	336.945765	401.015022	595.768956	126.440459	106.508947	103.2133	0	14.355855	4.934762
8125	-4.96767335459887	5.59300237282965	161.811190493244	1.93826696399035e-08	2.4760410334112e-06	chr18	61013170	61014920	chr18:61013170-61014920	813.463212	889.574034	774.949385	653.275439	705.061136	758.478378	35.187	3.915228	34.543334
13413	-3.08471608359986	6.27634121150372	146.269893536132	1.97656286371885e-08	2.50856630983019e-06	chr5	110480280	110482080	chr5:110480280-110482080	1633.775546	1512.247372	1425.124841	755.00938	820.959739	974.19787	226.369566	87.440158	188.891799
5728	-2.15006435428634	4.84717991998765	90.0457986868316	2.04509728694206e-08	2.57880170795371e-06	chr15	42675560	42677760	chr15:42675560-42677760	493.091145	687.075133	409.39437	312.467566	343.631493	239.249018	121.981598	110.931488	100.340181
13244	-1.55708253573988	5.26011191783361	89.0024720070801	2.23314474533186e-08	2.76810853865364e-06	chr5	75070060	75071960	chr5:75070060-75071960	566.506877	611.576176	633.988204	468.701602	418.74839	451.211474	186.100053	174.445233	213.839743
17447	-3.39504229232286	4.04017124935184	88.8021218861046	2.2714130431352e-08	2.76810853865364e-06	chr8	88835600	88837100	chr8:88835600-88837100	378.036633	273.919428	420.860227	154.780577	102.024373	190.608393	23.458	43.067492	27.963648
4307	-1.5645478353939	5.23352452545727	88.881340362185	2.25619529023116e-08	2.76810853865364e-06	chr13	42300540	42304440	chr13:42300540-42304440	595.544657	610.059014	551.25497	444.721518	456.307072	441.720816	201.738761	160.959421	190.810835
7439	-1.53314890618953	5.69822475015065	88.2994448995571	2.37067726399288e-08	2.81511634880931e-06	chr17	40879400	40881280	chr17:40879400-40881280	818.531706	805.444366	678.052706	656.182994	705.762175	624.617776	287.360354	243.396761	208.905096
8604	-1.69776929980318	6.62555240462257	101.7110908295	2.37653720927877e-08	2.81511634880931e-06	chr19	30546620	30550340	chr19:30546620-30550340	1537.622462	1700.235273	1498.640416	1152.861426	1233.26178	1141.079039	362.425783	613.603412	380.79957
4396	-6.34694442256293	4.31327205291264	124.140802900038	2.41322412171319e-08	2.82433924903498e-06	chr13	53467630	53469130	chr13:53467630-53469130	610.063282	637.185285	400.851587	163.500625	104.266645	64.063368	7.0374	0	11.514447
8804	-2.24171211279831	5.17812583600144	89.1265653971573	2.52443881533644e-08	2.93691408605659e-06	chr19	47151070	47152680	chr19:47151070-47152680	608.28259	623.432327	506.291119	428.552912	482.793718	512.704529	165.965297	75.694421	100.34016
10587	-2.77266588108868	4.31960863460252	86.6134503123628	2.74052527885171e-08	3.16944180918087e-06	chr3	30594600	30596400	chr3:30594600-30596400	424.332559	363.834777	531.245828	136.977172	165.649431	170.835655	44.570199	86.787599	47.702693
14508	-1.22883938922509	6.72572632558916	85.5077452146289	3.01776443047606e-08	3.42919801125899e-06	chr6	52305300	52306920	chr6:52305300-52306920	1433.799654	1509.971501	1765.27493	1216.444588	1345.376815	1157.094926	580.975615	741.718626	546.113992
18522	-1.92476964217246	5.2129868480139	85.5502291815936	3.00655358338384e-08	3.42919801125899e-06	chr9	45041760	45043320	chr9:45041760-45043320	513.362662	539.492229	561.371834	573.705471	505.637051	483.836417	119.635801	176.620375	98.421119
4413	-5.14627123581713	3.91813186487512	92.337912532237	3.19550817344179e-08	3.52859927965649e-06	chr13	54156500	54158000	chr13:54156500-54158000	362.696202	336.139407	565.643486	39.240136	42.043009	133.663184	7.0374	14.355836	11.514444
4269	-3.38968516825091	4.14827665345964	84.3566863867823	3.33992938295802e-08	3.66735504437722e-06	chr13	37435580	37437080	chr13:37435580-37437080	329.27535	379.010425	274.278575	281.220647	225.350593	145.922178	15.638667	44.372631	26.86703
13248	-2.38113011656983	5.84314400069016	100.932762638258	3.63624559099764e-08	3.9483566708916e-06	chr5	75084300	75085800	chr5:75084300-75085800	878.250214	906.741497	1002.69046	611.128947	619.994743	1040.040693	218.159374	128.767555	151.332703
10546	-2.76671915504457	4.01176165964742	83.2278648464885	3.69341628932902e-08	3.9882774240296e-06	chr3	9325980	9327480	chr3:9325980-9327480	329.823264	422.260926	345.321208	111.180402	144.627934	91.349645	51.6076	52.203117	46.057771
12584	-1.75670178197608	5.84187551771351	83.8971245642597	3.72587851330547e-08	4.00122502981073e-06	chr4	152115200	152116700	chr4:152115200-152116700	911.122677	1064.947131	1133.984174	619.122233	460.791427	590.015568	253.34628	371.076676	230.837328
11391	-1.69344238878611	5.14346479050844	82.6770369981515	3.88085609260637e-08	4.12235501793432e-06	chr4	45830360	45831880	chr4:45830360-45831880	622.938682	541.199559	665.238144	308.107898	434.724627	357.291443	183.363341	184.015782	158.734884
7078	-1.53402132856052	5.67262754169328	82.1709878289199	4.06241577119414e-08	4.29188736475619e-06	chr17	8387900	8390260	chr17:8387900-8390260	889.207763	818.153812	776.298283	558.808619	581.314912	554.622468	295.961581	295.599826	205.066741
7896	-2.520152782409	4.45713619911483	81.1397158720945	4.46238424749552e-08	4.63921809134574e-06	chr18	35293950	35295450	chr18:35293950-35295450	464.327336	432.883795	450.536496	261.23766	211.616477	124.172231	78.975266	51.333005	88.825688
18705	-3.30762125712559	4.61382147352139	92.2209011639666	4.77276888765353e-08	4.90967199522043e-06	chr9	61337640	61339280	chr9:61337640-61339280	496.378551	379.579498	556.425787	280.857746	227.032212	316.559985	30.4954	76.999505	26.318737
1304	-1.18503486412849	6.27328682900935	80.1340006171475	4.8950273446296e-08	4.96866458461783e-06	chr10	57793960	57795480	chr10:57793960-57795480	1060.693318	1108.57687	1167.707295	849.113307	986.04909	964.904847	495.745171	460.909269	409.311508
14703	-5.49974109091871	3.56617468706793	80.7761875937768	4.9318031691781e-08	4.96866458461783e-06	chr6	85075880	85077380	chr6:85075880-85077380	288.732221	252.294161	487.406707	43.600141	52.133327	40.731675	9.3832	0	11.514445
5557	-3.04906068918786	4.25969556947139	78.1185732094363	5.94843303995807e-08	5.93174100846839e-06	chr14	118473080	118474580	chr14:118473080-118474580	426.797757	464.562773	442.442733	139.520513	170.974873	105.981473	21.1122	60.033513	69.086654
12236	-1.98944564098099	5.19855086657827	77.6776030515268	6.20186050411364e-08	6.15306413974117e-06	chr4	136139740	136141240	chr4:136139740-136141240	600.475599	596.590676	708.627941	455.621681	391.840862	384.380104	110.252495	213.162649	122.272506
9530	-2.55433735771466	4.14372101741876	76.8157957608654	6.68921629944423e-08	6.5698860589265e-06	chr2	93251720	93253220	chr2:93251720-93253220	238.87535	293.647786	309.800023	255.787573	297.103944	173.208429	46.915999	40.457365	46.057775
3704	-2.30568894066559	4.83491163593652	78.2385150782952	6.8186374736412e-08	6.63036166280185e-06	chr12	85138910	85141140	chr12:85138910-85141140	574.999192	576.103392	617.014519	262.145987	283.229686	175.185746	65.6824	152.150169	114.87029
11302	-2.52633627752255	4.74076323693543	79.2277284912411	7.08347935357838e-08	6.85379227552918e-06	chr4	34890660	34892440	chr4:34890660-34892440	452.548291	470.443413	321.040825	394.581141	354.843166	380.821135	105.560999	45.677674	49.347611
8175	-2.6223394358227	4.30098242471515	75.5286289653351	7.57328007667842e-08	7.25587054405293e-06	chr18	66286190	66287690	chr18:66286190-66287690	332.83671	355.298611	339.700774	260.147677	196.200682	269.105704	30.4954	73.301809	51.266677
3378	-4.5227979130638	4.22225658592934	91.0178334011892	7.8156487082423e-08	7.45155385378516e-06	chr11	120185260	120186760	chr11:120185260-120186760	610.884962	514.452706	375.896517	54.50018	79.040852	172.812933	32.841199	14.355836	13.159361
18551	-3.67559625824757	4.88995514375167	102.648445700439	7.9537383278944e-08	7.5366527239769e-06	chr9	46701400	46703140	chr9:46701400-46703140	511.171082	510.658499	558.898656	334.267947	397.446619	446.466351	25.803801	70.474127	18.094127
5222	-1.53890555294035	5.84434722165377	74.890513926748	8.05914770688756e-08	7.5366527239769e-06	chr14	46379500	46381280	chr14:46379500-46381280	996.592273	1025.680444	780.570025	605.315686	723.70057	580.524668	233.016052	286.681694	381.073697
7632	-2.58432709092034	4.33524777394717	74.9490929596926	8.01313038901915e-08	7.5366527239769e-06	chr17	70706420	70708040	chr17:70706420-70708040	430.085076	422.260829	404.67335	237.620892	122.765575	173.60384	75.847509	75.694464	42.767928
17125	-2.54630749375483	4.81012634716346	80.4887440893647	8.79806365194654e-08	8.07315277358194e-06	chr8	35384430	35385960	chr8:35384430-35385960	710.051418	591.089409	519.106116	215.275804	265.011202	191.003811	111.4255	47.308999	132.416118
10643	-1.58360591147301	5.47842381406908	73.8267081564499	8.94809915423643e-08	8.0818855253823e-06	chr3	50896150	50898420	chr3:50896150-50898420	641.703609	672.278367	700.759312	567.891783	601.3551	510.825912	179.453699	269.389554	175.869461
6041	-2.29633331109627	4.22964367036507	73.7986451113234	8.9729811154155e-08	8.0818855253823e-06	chr15	82926900	82928400	chr15:82926900-82928400	404.334718	354.160352	376.346128	186.754072	188.913227	118.635979	82.102999	62.643705	70.183263
16083	-1.93268844463166	4.6085201356328	73.5609304342215	9.18686234186245e-08	8.23656992989457e-06	chr7	98870320	98871840	chr7:98870320-98871840	421.045085	452.612072	502.694014	176.580731	253.93975	248.739857	129.01896	107.668818	98.69525
11124	-3.76739423878589	4.12187998700531	77.3612200619311	9.41055544560921e-08	8.39859845591014e-06	chr3	137550180	137551680	chr3:137550180-137551680	226.822024	321.343183	372.299409	221.634116	276.92333	199.308347	7.0374	37.41221	18.094123
18818	-1.58204409608366	5.15466098367507	72.8879925349643	9.82370003560724e-08	8.64883861242989e-06	chr9	76566380	76567980	chr9:76566380-76567980	690.60142	652.929581	506.965698	412.021623	317.84514	333.169039	207.603274	169.442393	198.761284
9470	-2.17926949185614	4.64291453756531	72.3956846996737	1.03206905107452e-07	9.0456455619962e-06	chr2	84837800	84839300	chr2:84837800-84839300	405.430891	371.42256	356.112582	317.554412	304.951953	414.434543	60.9908	58.728455	114.04786
15823	-2.01999584042496	5.45400387102073	76.6047214166979	1.04371612109153e-07	9.06641403854847e-06	chr7	49661260	49662980	chr7:49661260-49662980	659.64651	626.752015	785.516096	551.905587	514.046003	631.735663	119.635799	230.12846	124.465689
2197	-3.31095951071311	4.1689218590645	72.3674975306225	1.04140819627728e-07	9.06641403854847e-06	chr11	52283560	52285060	chr11:52283560-52285060	208.74202	163.896418	267.983668	263.78086	267.393518	459.911598	9.3832	27.406601	23.028882
14637	-3.2182675781871	4.03667798537606	72.2030019113925	1.0522765578161e-07	9.10032978872372e-06	chr6	83238230	83239730	chr6:83238230-83239730	326.535932	255.139686	440.194684	155.143876	142.665925	184.083447	28.1496	18.48858	55.927292
11659	-1.14001834353071	6.8655199419658	72.4890601122643	1.0873269830932e-07	9.28026457840895e-06	chr4	106621560	106624320	chr4:106621560-106624320	1611.038627	1605.956255	1607.901514	1278.576305	1554.750764	1589.720475	601.30622	825.678371	609.169491
10920	-2.30711532748625	4.99772166298967	75.773485545763	1.1072049810321e-07	9.40883537142275e-06	chr3	102611140	102612680	chr3:102611140-102612680	417.483883	432.124949	283.720947	647.462326	641.856608	400.198353	60.990801	50.89803	101.98506
3530	-1.92889325228313	4.51255282650741	71.0792463895669	1.17926157019844e-07	9.90051105099601e-06	chr12	55468220	55470920	chr12:55468220-55470920	431.728738	393.996239	448.287998	224.54089	202.92756	222.244567	107.124865	123.982217	79.504477
15575	-2.19660990826946	4.64465031900429	70.3270850332019	1.27374981837797e-07	1.05489153390667e-05	chr7	30453160	30457340	chr7:30453160-30457340	202.715313	276.195733	339.925619	428.008073	409.779231	533.465684	53.9534	69.169096	42.767934
13247	-1.4200095864671	6.0206065137039	70.2102457066431	1.28916911137739e-07	1.05868950764164e-05	chr5	75081860	75083940	chr5:75081860-75083940	1078.225892	935.954699	1017.07875	695.786045	661.476887	875.137004	413.642373	357.373334	281.829866
11285	-2.61339964645099	4.34450698697897	69.7734780195127	1.34867477301488e-07	1.09832701827399e-05	chr4	32241680	32243210	chr4:32241680-32243210	304.20999	292.130127	301.931274	339.536071	312.51955	260.207984	32.8412	73.301789	29.745645
19408	-2.51977383896495	4.12532144933597	69.2643381016656	1.42192699690024e-07	1.14841170059567e-05	chrX	99549940	99551440	chrX:99549940-99551440	300.785623	332.345455	378.144693	192.567381	118.841572	215.521793	46.916002	54.813165	62.506969
9260	-3.77082510102481	3.59174269746283	67.1303900148479	1.78096898554189e-07	1.37043459930773e-05	chr2	35578150	35579650	chr2:35578150-35579650	307.086328	271.263854	214.251992	85.020311	165.929733	82.254263	26.585733	10.440608	16.723355
15287	-2.19403958629783	4.25765873244758	67.0174517778281	1.80260457570976e-07	1.37624634500966e-05	chr6	137055340	137056920	chr6:137055340-137056920	283.801407	250.397214	198.739531	286.307609	382.31122	268.907965	46.915999	45.677667	56.47561
9876	-1.1192585220109	6.7486705595469	66.5739159860296	1.90142246224608e-07	1.43487652604632e-05	chr2	152046820	152048320	chr2:152046820-152048320	1320.388793	1483.035233	1667.70365	1203.364707	1234.943425	1580.624573	699.829461	631.657141	585.043695
13734	-2.30061835242172	5.20583485134707	73.9886887552914	2.11309335607153e-07	1.5694336823206e-05	chr5	119662600	119664300	chr5:119662600-119664300	684.848816	720.081816	544.96007	406.934966	388.477255	484.825253	103.997105	73.084288	193.552385
19411	-3.61861951483378	3.94729014427531	66.0252972788011	2.24788984454886e-07	1.65169199292133e-05	chrX	99594240	99595740	chrX:99594240-99595740	310.647544	276.954578	448.737704	103.913739	163.126852	135.245018	28.1496	7.830456	42.767931
5451	-1.77013380462247	5.18113681527968	64.8775224861198	2.27314113350246e-07	1.66160694950489e-05	chr14	70641340	70643040	chr14:70641340-70643040	341.876483	399.497452	267.534011	569.708947	753.971561	793.673785	82.103001	112.236658	80.601103
12215	-1.95084892424102	5.24588230467813	67.1768125477912	2.41347580939404e-07	1.73424208436053e-05	chr4	135397400	135399010	chr4:135397400-135399010	673.617357	670.287103	612.068574	410.386639	404.173554	460.010208	216.986484	88.745217	166.136988
15476	-1.17100997462043	6.04733006879811	64.0853776793233	2.48076088298568e-07	1.77133259751033e-05	chr7	24498800	24500820	chr7:24498800-24500820	981.799468	843.004013	883.087006	941.037042	819.558464	805.537449	437.882267	322.353839	359.689496
11125	-3.93025916375921	4.71118521811063	88.8912745008226	2.65787025819659e-07	1.85528836415901e-05	chr3	137777580	137779100	chr3:137777580-137779100	379.68015	420.932872	529.447482	485.414788	371.660161	263.964848	21.1122	49.592927	9.869526
11615	-1.51942691452623	5.5251851804064	63.2976940707551	2.70832683541482e-07	1.87710099284336e-05	chr4	91399940	91401460	chr4:91399940-91401460	732.788122	686.315977	646.578242	625.299292	531.704011	569.056373	201.738714	293.424639	173.813373
7079	-2.16854813261775	5.45326882898772	72.8272215592574	2.76091145810612e-07	1.90678496285103e-05	chr17	8429610	8431110	chr17:8429610-8431110	750.320544	917.933941	820.362694	404.754836	399.969122	495.699978	102.0423	252.532196	160.10563
990	-2.47635073643992	4.33176722081621	62.3966798714043	2.99754000620355e-07	2.0556813832017e-05	chr1	180930180	180931680	chr1:180930180-180931680	317.76986	399.118111	219.422887	345.894582	189.4738	306.871471	60.990801	55.68326	39.478084
13732	-4.18960761817361	3.8874600058947	65.5312683978921	3.43196671766189e-07	2.3050786768626e-05	chr5	119656200	119657700	chr5:119656200-119657700	346.259608	343.727171	145.682344	147.513898	174.898909	230.549039	9.3832	5.220304	27.963651
6014	-2.84173375826801	3.95664071536862	61.170555956891	3.44780676076783e-07	2.30760930160105e-05	chr15	80620780	80622280	chr15:80620780-80622280	276.678986	256.846895	373.648416	151.873922	129.492476	204.844588	21.894133	46.54773	49.347611
11123	-3.92836163372393	4.52561070866847	80.5065191250184	3.92611267426099e-07	2.57754350696751e-05	chr3	137546960	137548480	chr3:137546960-137548480	488.433894	421.122576	448.962568	255.78772	380.629459	173.406125	12.9019	53.073112	16.449207
6680	-2.03863251259731	4.97843202540766	63.2392732929023	3.92994609913696e-07	2.57754350696751e-05	chr16	29813060	29815040	chr16:29813060-29815040	551.71428	658.241395	408.270399	326.27448	358.206435	399.407233	114.944202	76.999545	176.554854
8206	-2.06332028252227	4.16726734640519	60.0953264191391	3.90512957399335e-07	2.57754350696751e-05	chr18	75333780	75335280	chr18:75333780-75335280	249.832988	191.591819	193.343899	296.481108	299.346167	327.434943	44.570201	45.677679	50.992537
6488	-1.59494409156875	5.20303024985745	59.7538568942891	4.06417997356852e-07	2.65446767641988e-05	chr15	102370200	102371780	chr15:102370200-102371780	541.304581	554.667991	814.742242	372.054558	368.296711	365.398386	147.785401	206.202004	236.320426
9239	-4.59535137744274	3.47589500527818	59.5643256644797	4.15555989419382e-07	2.689417818941e-05	chr2	34567860	34569360	chr2:34567860-34569360	168.746836	129.371933	119.153776	193.294103	236.56184	183.490181	0	9.135532	6.579682
11028	-3.67433459280169	5.8257917325849	108.245440592979	4.73574322282702e-07	2.94317825080904e-05	chr3	115714080	115716340	chr3:115714080-115716340	1436.538823	1433.335177	1019.777178	599.50221	589.162668	293.821584	117.289975	46.982771	120.079179
14852	-5.10054742764396	4.49692389296606	88.6273781894201	4.79655566253252e-07	2.94811388842335e-05	chr6	97310900	97312660	chr6:97310900-97312660	520.485001	460.199872	413.441268	243.070863	320.087433	214.928706	16.4206	20.881216	0
2646	-2.12771498535218	4.91382967757102	62.3226106105472	4.81144525585884e-07	2.94811388842335e-05	chr11	87709240	87710900	chr11:87709240-87710900	424.606263	442.368577	552.154422	474.51544	399.688815	320.712231	137.620226	53.508167	111.854603
3196	-1.42550131870054	5.52648683399236	58.2635404797442	4.8479786299444e-07	2.95182997888671e-05	chr11	116660810	116663680	chr11:116660810-116663680	548.152955	570.792048	692.328533	704.687976	623.357569	658.725466	175.934989	267.758109	183.271586
373	-1.89310121378656	5.52827006328649	63.682371290151	4.84660908562489e-07	2.95182997888671e-05	chr1	89933150	89934680	chr1:89933150-89934680	608.830645	776.51612	765.057573	642.557581	526.098294	612.062043	114.748716	259.383944	164.217998
1182	-1.68112586921159	5.09216127135201	58.2038753957399	4.88268361227441e-07	2.95455266878958e-05	chr10	21454200	21455720	chr10:21454200-21455720	545.961586	456.026343	476.61528	533.738773	450.140616	399.605121	98.914541	193.151361	136.528455
13162	-1.60141016832766	5.78916038828652	61.1004001820535	4.87577673161942e-07	2.95455266878958e-05	chr5	53257440	53259360	chr5:53257440-53259360	988.100326	898.394999	946.711268	552.995155	595.609577	565.892695	196.656128	407.618973	263.461619
10873	-2.84415163602152	4.93255052501701	69.5786970456849	4.90925636095052e-07	2.96146344366598e-05	chr3	96342690	96344720	chr3:96342690-96344720	283.801462	233.798973	148.942252	763.366261	601.495259	710.727408	14.0748	47.200255	24.673809
18465	-2.36876265755898	3.97443411134394	57.7077649829701	5.18219158415527e-07	3.09742918997904e-05	chr9	43449590	43451090	chr9:43449590-43451090	187.374698	207.146834	163.218259	241.980786	293.18006	290.064757	25.8038	39.152291	35.365785
18464	-1.44146614151011	4.77199156946843	57.2813611744701	5.45599587689421e-07	3.22876845693874e-05	chr9	43446700	43448280	chr9:43446700-43448280	295.854722	280.369097	327.785399	500.675252	436.126034	440.138971	98.5236	96.575665	115.144476
8123	-1.59019554976954	5.25503106461786	56.086111137596	6.3131822292879e-07	3.65062564116663e-05	chr18	60983760	60985300	chr18:60983760-60985300	711.147112	701.112563	548.557265	436.00156	407.536722	328.225836	231.4522	132.682788	243.996629
3130	-1.50354151921559	5.1372992045972	56.0343320515592	6.35356198829885e-07	3.66313773042186e-05	chr11	114638960	114640680	chr11:114638960-114640680	561.302269	538.164617	462.676498	546.455976	447.057414	339.891657	204.475475	143.77594	164.766243
1610	-1.89594172184597	6.05502168958417	69.2836075494333	6.40676494148467e-07	3.6721472369888e-05	chr10	81571000	81573960	chr10:81571000-81573960	1215.7432	1187.110963	1224.361401	553.722191	587.480948	853.584761	343.659573	187.278487	379.976942
16025	-3.23032525600407	3.90555895974259	55.9804742602553	6.42813982818636e-07	3.67362552461703e-05	chr7	88277270	88278770	chr7:88277270-88278770	336.123987	326.654481	170.637243	185.300728	160.604265	190.015153	23.458	11.745684	47.702683
1865	-1.86153762318066	4.72215445693815	55.6433958878075	6.66786884131139e-07	3.76657504345177e-05	chr10	126680400	126681980	chr10:126680400-126681980	432.276551	519.005004	334.529611	348.801482	361.570007	237.271595	96.177798	84.829977	149.687914
8124	-2.86084725919559	3.74309244620061	54.5965455419816	7.59809125696327e-07	4.20693183051975e-05	chr18	60993220	60994720	chr18:60993220-60994720	268.460874	177.175019	252.246351	197.654093	195.640103	112.308711	35.187	19.57614	34.543334
13631	-2.95438609517141	4.08978003200005	55.2769695691562	8.06263258445347e-07	4.40179200735036e-05	chr5	116232280	116233780	chr5:116232280-116233780	334.754258	392.28909	321.490471	100.280392	124.447288	264.558016	51.6076	23.491374	50.992526
1085	-2.37226588389828	4.67230112323919	58.4145771172616	8.42194888432088e-07	4.54715444596828e-05	chr1	190446850	190448700	chr1:190446850-190448700	358.997846	364.878124	428.054538	361.336089	371.099648	360.455322	47.306968	39.478581	121.724087
17810	-3.60934496987942	4.86109863569974	78.5168353649325	8.49393339346161e-07	4.56082220261558e-05	chr8	117018860	117020360	chr8:117018860-117020360	425.702213	389.633384	549.45648	417.834937	391.280313	512.506831	9.3832	58.728453	35.639945
18323	-1.63467094099187	5.22200851364173	52.7315106192553	9.70821637625141e-07	5.11447679444296e-05	chr9	23035420	23036980	chr9:23035420-23036980	445.425557	529.818192	558.898847	614.399146	542.35473	439.150294	193.528461	95.270616	172.442509
11286	-2.58857755748025	4.13629193592929	51.8148473709079	1.08535560389719e-06	5.56778878692142e-05	chr4	32337210	32338760	chr4:32337210-32338760	364.202839	301.330355	167.602102	331.542767	257.163036	143.846031	39.878601	37.847216	51.129602
18885	-2.03596674572746	5.57443834665356	61.6386278084154	1.08110008661319e-06	5.56778878692142e-05	chr9	94679920	94681620	chr9:94679920-94681620	655.811433	611.57637	813.842899	640.921711	725.382101	671.083173	140.748	235.78374	93.76045
5078	-1.18983202678954	5.61680308574788	51.6910571002299	1.10308693955701e-06	5.64393566325702e-05	chr14	27113920	27115680	chr14:27113920-27115680	674.439445	613.093809	696.487991	744.472748	602.336292	594.365434	277.195275	303.212789	228.095676
2784	-1.36053014376633	5.29770183539912	51.0708985373585	1.19690694068387e-06	6.01376507857744e-05	chr11	96199070	96201340	chr11:96199070-96201340	544.454844	504.967822	600.602842	498.676809	406.555863	636.678643	212.294792	193.151337	192.866956
13733	-2.93791803037588	4.63064602209498	62.8394825331933	1.32034115500925e-06	6.50026898605941e-05	chr5	119660300	119662000	chr5:119660300-119662000	552.26205	571.74082	299.458175	298.661038	242.167685	283.53971	87.576532	23.491368	61.95866
12216	-1.90376938539597	4.69314894651928	50.5253924926722	1.36652420155102e-06	6.69391366398865e-05	chr4	135510920	135512490	chr4:135510920-135512490	560.754146	433.832384	380.392856	253.970961	295.00179	261.196559	134.296981	61.229797	147.631639
10599	-1.32364168244908	5.44768802652543	49.671780725943	1.44294644647893e-06	6.99811123980912e-05	chr3	34660900	34662400	chr3:34660900-34662400	695.806569	747.777499	607.909264	456.347971	378.947694	596.737969	266.639176	258.840155	237.41702
9874	-2.05421127284325	4.04185799628637	49.6241725651732	1.4522554615551e-06	7.01080726259487e-05	chr2	151995700	151997200	chr2:151995700-151997200	361.600289	319.825566	249.548749	128.620504	174.898896	164.903832	72.719799	58.728452	77.311289
10620	-2.18153181445774	4.07598053673802	49.5318501434915	1.47049857292611e-06	7.07903808074896e-05	chr3	37760100	37761600	chr3:37760100-37761600	184.087365	256.088063	222.570318	276.861045	256.18203	271.28067	56.2992	49.59291	29.608575
17326	-1.78548794285104	4.56323862314408	49.0021807803459	1.58021648892253e-06	7.42435847980549e-05	chr8	72267760	72269380	chr8:72267760-72269380	348.451126	365.73173	383.540427	215.094152	306.633687	365.398401	78.975267	85.264966	133.23863
12293	-2.13113793330048	4.48254592278765	49.2778649692848	1.70068391546601e-06	7.82114520653721e-05	chr4	137718220	137719720	chr4:137718220-137719720	530.894998	379.010449	348.468679	249.974298	260.666602	154.622229	125.109323	51.333048	91.018928
11095	-1.12721731778937	5.87387536758966	48.2545714082943	1.75089841900158e-06	7.95844409288043e-05	chr3	129219780	129223340	chr3:129219780-129223340	851.40397	865.008552	802.377366	682.342801	628.963492	781.216748	368.681287	411.316597	291.699348
9285	-2.47353585096038	3.80529705365126	47.9571637124451	1.82441885411008e-06	8.21619043861325e-05	chr2	37757460	37758960	chr2:37757460-37758960	238.327454	163.896403	250.447741	228.174203	218.623709	133.267708	33.623132	31.321846	44.412854
10306	-1.71796257147361	6.2638500148809	60.8056642714625	1.84423982862056e-06	8.23523217923395e-05	chr2	170410360	170412090	chr2:170410360-170412090	1495.709874	1385.911089	1242.347219	823.135424	833.152786	617.10389	527.804456	235.240068	406.158612
5202	-1.53535353353118	5.66142806569702	50.7123299721589	1.83738080858055e-06	8.23523217923395e-05	chr14	41012920	41014580	chr14:41012920-41014580	950.570025	844.900918	796.30704	717.222713	461.352069	363.421265	251.000481	230.998525	353.109918
8770	-1.9369490310836	5.02924944671624	52.3228223807586	1.84550099488589e-06	8.23523217923395e-05	chr19	45139890	45141560	chr19:45139890-45141560	373.105635	519.574449	688.506935	377.141279	393.942972	428.967346	79.170748	126.374885	180.66708
458	-2.84493449330017	3.80968916770985	47.7498112589571	1.87770751168911e-06	8.32194859772418e-05	chr1	92702760	92704260	chr1:92702760-92704260	306.812397	296.682843	291.814377	72.666923	93.615762	194.562924	51.607598	34.367045	29.608571
2407	-2.09733765574035	4.26739744196762	47.6630700015367	1.90051127465384e-06	8.38498710228202e-05	chr11	69331620	69333120	chr11:69331620-69333120	299.689862	326.27524	478.86355	202.740745	146.309653	190.212909	91.486201	48.287817	101.436771
14252	-1.10806129817694	5.88724839259505	47.5492047101737	1.93091464218715e-06	8.44289187506662e-05	chr6	3200680	3202200	chr6:3200680-3202200	862.909751	878.666777	687.944867	643.102006	729.86683	866.041613	347.178065	368.031829	333.919269
6011	-1.84053009258621	4.42459466143943	47.2231031186322	2.02102249612716e-06	8.69450023436797e-05	chr15	80571780	80573400	chr15:80571780-80573400	362.148258	336.898223	444.241448	210.007525	216.941843	226.99002	75.065601	142.253375	78.9562
17688	-1.29996870387937	4.83681351493179	47.1072401500573	2.0541556687211e-06	8.76604204042662e-05	chr8	110121380	110122900	chr8:110121380-110122900	418.853502	383.183713	474.367014	342.987795	357.926078	308.255511	169.2885	174.010181	138.721671
4306	-1.65596456965788	5.6983758263192	52.066693711685	2.04813467050495e-06	8.76604204042662e-05	chr13	41358200	41359760	chr13:41358200-41359760	1029.190868	913.760188	642.756117	737.206366	626.160757	367.177711	213.467601	271.238472	279.636714
14849	-1.93263902441536	4.23180318952107	47.0260663164482	2.07772864557368e-06	8.84732165092322e-05	chr6	97272580	97274080	chr6:97272580-97274080	382.419582	292.88903	356.562214	162.773967	194.518957	193.376558	93.831999	52.638078	105.823258
1639	-1.86640241329897	4.17735482949366	46.9324681557907	2.10528384536301e-06	8.90644431983116e-05	chr10	85927900	85929400	chr10:85927900-85929400	340.233289	348.659255	266.63473	212.914131	177.701752	171.231115	93.050066	59.163493	92.11558
3783	-1.49666571962214	5.00188311949091	46.9492078684066	2.10032599404137e-06	8.90644431983116e-05	chr12	99572650	99575360	chr12:99572650-99575360	524.594453	597.918517	409.731692	325.366211	439.76985	314.286136	215.61801	137.576806	152.29228
17237	-1.45750423796073	4.95356224065374	46.6796918564779	2.18175363653271e-06	9.13112951306891e-05	chr8	56619400	56621680	chr8:56619400-56621680	458.300864	458.682163	482.685256	473.061956	350.3584	305.289625	136.05636	202.939394	134.60938
18260	-1.43052750959402	4.48064936211378	46.6288397245525	2.19750776776499e-06	9.17741224806983e-05	chr9	11277220	11278720	chr9:11277220-11278720	386.802745	360.04094	347.569431	259.421059	238.804273	202.076394	122.76352	124.852333	130.497076
9279	-1.18584782177852	5.92527783650124	45.7703813958145	2.48349979692125e-06	0.000102065837939729	chr2	36197700	36199610	chr2:36197700-36199610	792.370621	729.186628	1025.509428	761.550169	696.933002	829.363421	375.327531	388.912724	276.346997
661	-1.91507722141235	4.59720485151342	45.9073557754215	2.64170136692629e-06	0.000107343145980404	chr1	134512760	134514320	chr1:134512760-134514320	456.383576	417.5184	430.077588	144.243927	220.86593	369.154994	107.515834	104.188624	110.209649
10921	-3.46464632266949	3.83246350120925	46.8034700404137	2.68620637010497e-06	0.000108251347430313	chr3	102612940	102614540	chr3:102612940-102614540	204.084938	225.357541	104.990224	276.134238	252.538239	236.876277	29.3225	3.915228	11.514445
3628	-1.00622875868958	5.94585595112301	44.7584831859367	2.87505084369149e-06	0.000114213147845427	chr12	76416870	76418490	chr12:76416870-76418490	904.000278	758.400218	815.416685	778.263031	787.885842	766.387701	320.983456	450.251368	376.687155
17202	-4.46001187304651	3.40116585401436	46.1973639507265	3.05282333195204e-06	0.000119756281399418	chr8	48739560	48741060	chr8:48739560-48741060	305.716512	269.366678	226.617067	47.96017	58.860205	99.258742	15.638667	0	18.094128
2135	-1.12618834399903	5.20632320348199	44.3382047373778	3.05747681853719e-06	0.000119756281399418	chr11	43473540	43475200	chr11:43473540-43475200	618.00762	484.480703	516.632832	413.47471	413.14254	444.884303	246.308921	218.817835	225.3542
10919	-4.08694325693208	3.56978272261284	44.7093871473222	3.10335937873312e-06	0.000121068181751175	chr3	102607420	102608920	chr3:102607420-102608920	135.326172	155.549836	65.646996	236.894217	225.350505	267.326095	9.3832	0	9.86952
736	-2.30485517116697	4.42716515686217	46.6768991963156	3.2617905228384e-06	0.000126491459858882	chr1	146494420	146495980	chr1:146494420-146495980	350.642621	267.84921	508.089796	207.100753	177.421506	362.234833	53.953401	95.270574	62.506974
8490	-1.58101221854103	4.34739794510383	43.7165717309192	3.35136969464717e-06	0.000129196293258144	chr19	8677520	8679020	chr19:8677520-8679020	357.765019	366.869989	298.109306	235.440901	211.336151	192.585661	116.508068	82.219793	120.079173
93	-1.26322205552811	4.90303266081446	43.6026463734143	3.40856791706029e-06	0.000130884990056863	chr1	36254060	36255610	chr1:36254060-36255610	507.884002	477.556748	383.87763	359.701189	363.531857	283.341835	167.724661	157.152965	207.260138
1274	-1.17702977964789	5.83443190140609	43.4858650849602	3.46832927013819e-06	0.000132918618793825	chr10	45287200	45290370	chr10:45287200-45290370	884.687882	828.9667	794.958264	700.32797	724.401198	579.436988	432.408814	242.635526	359.552674
5500	-1.82575006735452	4.77997160912098	44.8910100524476	3.58540881715112e-06	0.000136868779943786	chr14	87567410	87569150	chr14:87567410-87569150	461.862148	330.827873	399.952141	332.08772	394.924134	409.689095	103.215199	148.778758	59.491283
15221	-1.31364988642747	5.79875463972375	43.9984301053601	3.63703558803572e-06	0.000137593590721096	chr6	127129680	127131430	chr6:127129680-127131430	752.101022	641.263575	904.669974	642.375705	763.080651	805.438365	238.880512	379.233438	240.843941
1754	-1.5657804070553	4.80065657688834	43.0830048279016	3.68360866951237e-06	0.000137923623459041	chr10	116427680	116429230	chr10:116427680-116429230	444.740896	383.373447	462.001965	381.68291	351.33938	273.060213	127.846045	183.907066	92.38968
2787	-3.68605611188405	3.48915811536825	42.9829456266068	3.76305363534009e-06	0.000140093111052804	chr11	96254780	96256280	chr11:96254780-96256280	304.620804	264.81411	106.563956	58.860224	139.582773	164.508572	9.3832	13.050764	26.318727
8928	-1.41088098518452	4.64275987659127	42.6286038846103	3.94444830108673e-06	0.000145460834046679	chr2	6874400	6875920	chr2:6874400-6875920	315.030479	416.570051	353.639523	336.811094	355.123155	253.880801	133.319608	136.162982	110.209686
7442	-1.84504264837443	4.79388425983893	44.7305741069953	4.11657063727947e-06	0.000150671110684695	chr17	43567680	43569540	chr17:43567680-43569540	567.60278	522.419811	453.683992	320.461386	282.529113	178.744746	74.283668	171.835054	154.074198
988	-1.54563633808119	4.63927068326895	42.2831148198343	4.15653159244499e-06	0.000151849364438014	chr1	180925060	180926560	chr1:180925060-180926560	419.675329	308.823337	324.188299	300.841106	292.058712	412.852715	114.9442	130.942667	88.825719
5525	-2.29860650986467	4.04930716196232	42.0694373696945	4.29403391318516e-06	0.000156288441030175	chr14	105482720	105484220	chr14:105482720-105484220	312.290972	251.156054	295.411401	215.820835	262.348432	106.772318	39.8786	74.389362	47.702691
9368	-1.66286562964735	4.44878113598108	41.6472637372031	4.58083053157386e-06	0.000164279509613965	chr2	70558960	70560460	chr2:70558960-70560460	290.375785	386.598222	368.252791	305.92784	220.865961	236.085362	85.230706	137.03303	84.439293
18909	-1.73036240793523	4.29993519896183	41.6131035418031	4.60495251468424e-06	0.000164842118863559	chr9	98296000	98297540	chr9:98296000-98297540	183.539597	159.343719	150.853221	308.107864	418.748307	474.93877	39.8786	44.372589	54.282372
4377	-2.24723552158203	4.20550131749859	41.5313678241947	4.68132284865571e-06	0.000166410961850951	chr13	51910800	51912300	chr13:51910800-51912300	220.247436	240.533097	254.94426	315.374458	196.761252	382.402823	50.043732	64.818808	24.673806
3505	-1.48270826177879	4.70593607037405	41.0686423358278	5.00913155027556e-06	0.000174827635982385	chr12	44326920	44328420	chr12:44326920-44328420	450.904495	390.77167	330.932991	383.681539	310.557566	268.116963	91.486199	139.643198	160.105697
19457	-2.00238783095107	4.21541615639047	40.6743152749241	5.32649862188831e-06	0.000183609198526997	chrX	113297400	113298900	chrX:113297400-113298900	276.678977	343.347716	168.613831	317.554728	253.939724	235.689856	68.028201	71.779224	42.767927
19360	-1.27272835988227	4.7293121038603	40.0565717352452	5.86962969499132e-06	0.000198480817281324	chrX	72274090	72275670	chrX:72274090-72275670	431.454962	336.70847	383.990022	362.244723	329.617147	277.014791	124.327346	159.65429	160.105597
11143	-1.07947437672629	5.34314555987106	39.512623150255	6.39921633074316e-06	0.000212480102022468	chr3	142529800	142531560	chr3:142529800-142531560	541.030422	568.895291	591.946896	490.13818	493.865354	491.152434	197.047106	287.11683	266.20303
1786	-1.7415476255386	4.46220486965003	38.069232572304	8.08126507417151e-06	0.000259356856937081	chr10	118125500	118127060	chr10:118125500-118127060	256.407522	195.954795	120.277851	472.334988	413.983506	441.720817	46.916	65.906344	46.057777
4738	-2.3146778620544	3.85270855707735	37.9616963300458	8.22503702500693e-06	0.000262248529614617	chr13	99245460	99246960	chr13:99245460-99246960	261.33839	213.596406	191.545278	276.860637	159.763468	158.972054	23.458	46.982768	54.28237
19289	-1.38175218948014	5.77704649953494	40.5634568832909	8.39799110938699e-06	0.000265777165705919	chrX	11998310	12000860	chrX:11998310-12000860	836.611226	662.319468	986.391294	744.835946	610.464624	600.989431	214.640631	409.250261	262.364944
3843	-2.27081591408283	4.56562374383025	42.1523971553025	8.88237961422017e-06	0.000278264641637535	chr12	104446440	104448040	chr12:104446440-104448040	372.831806	360.420253	241.455021	300.841125	304.251193	490.5592	98.132632	56.118318	32.898409
11230	-1.17510377421002	5.10052839784598	37.1504118265838	9.40612036161268e-06	0.000290139550956163	chr4	8238080	8239640	chr4:8238080-8239640	524.320577	442.93737	354.313891	494.862119	463.594152	469.797827	152.476893	214.250047	177.651462
7633	-1.70136824527186	5.32523900589274	41.5856940764299	9.60132621063106e-06	0.000294596421957275	chr17	70817380	70819010	chr17:70817380-70819010	721.830804	702.155879	586.551191	418.561458	313.640816	588.235929	222.459859	116.043107	239.061892
13722	-1.00589038158289	6.94127460084347	40.8293623122036	1.08086414929955e-05	0.000323019721682871	chr5	119085420	119087840	chr5:119085420-119087840	1603.094092	1656.226072	1887.576434	1292.018882	1260.168978	1829.36442	751.436761	672.984169	969.955605
18845	-1.58725834000207	4.83781631337183	36.7924200325286	1.14357372933991e-05	0.000337121395775996	chr9	88328580	88330100	chr9:88328580-88330100	362.422131	311.66859	357.461404	605.679269	420.430149	349.975761	85.230735	153.999056	79.230397
10851	-1.95366796265676	4.171713270678	35.5166469987145	1.24021858923078e-05	0.000361792124276353	chr3	93554510	93556010	chr3:93554510-93556010	445.425711	347.710769	168.613852	213.640818	185.830103	163.717532	82.884935	61.121098	87.1808
14591	-1.07495000638908	5.82974882174311	35.4610726791056	1.25213050637712e-05	0.000363638792676683	chr6	71047840	71049740	chr6:71047840-71049740	800.999258	724.634782	862.404125	629.295839	576.830295	853.782529	352.651599	405.00875	296.085929
740	-1.45169760836897	5.3877459963533	37.4427216433455	1.30475729571976e-05	0.000376683624000632	chr1	150991520	150994190	chr1:150991520-150994190	680.740028	737.249358	653.098129	499.58539	494.14552	324.469056	230.670268	144.537186	333.644929
11478	-2.25703599026559	3.74980414297621	35.1496200368051	1.32128923967622e-05	0.000378781298145361	chr4	55516260	55517760	chr4:55516260-55517760	247.093618	215.493436	236.509064	187.480694	165.929715	112.70417	51.6076	23.491368	61.410358
14267	-1.3340458394302	4.67017416296214	34.7057341771528	1.42731651013104e-05	0.000402757374057224	chr6	6005600	6007100	chr6:6005600-6007100	486.516831	390.392201	311.598504	252.154295	338.025748	255.462512	140.747961	121.372091	177.651471
6012	-2.52382686282737	3.75484398601369	34.6832891802133	1.4329238292595e-05	0.000403551819061627	chr15	80576720	80578220	chr15:80576720-80578220	178.060783	258.743839	297.659616	122.080455	130.613595	198.912891	17.202533	41.762458	60.313746
2126	-1.57813102134806	4.57922651634166	34.3527212041929	1.5184115336357e-05	0.000423129029711221	chr11	36676760	36678260	chr11:36676760-36678260	357.765112	419.60513	373.198627	395.308171	261.787869	157.39042	107.124867	115.71678	136.528474
4736	-1.39151360441653	4.71472763351925	34.3443665904684	1.52064440944914e-05	0.000423129029711221	chr13	99151880	99153460	chr13:99151880-99153460	343.520192	359.66154	275.177853	398.941301	347.555565	434.207281	86.7946	97.880713	163.943772
8056	-1.26415816459961	5.05230100890076	34.2247672069907	1.55301262913594e-05	0.000429330011831145	chr18	46573540	46575060	chr18:46573540-46575060	403.786801	565.670265	512.810972	388.041809	403.052404	368.364212	246.308881	129.202538	200.406187
13097	-2.36269406655487	4.69634359463545	41.8378231737113	1.57859400386729e-05	0.000435170942250863	chr5	37895760	37897260	chr5:37895760-37897260	404.334827	415.431832	547.657991	316.101215	248.894595	340.880401	32.841201	135.727911	78.407872
11653	-1.41573842907979	4.81418168314443	34.1268475649556	1.58515565746644e-05	0.00043546272104044	chr4	106038920	106040520	chr4:106038920-106040520	473.641791	417.139304	462.901233	381.13814	325.693307	208.008255	121.981599	210.987252	138.44747
3349	-1.28351198046963	4.79345195843918	34.0835516824653	1.59222186711151e-05	0.00043546272104044	chr11	119219450	119220950	chr11:119219450-119220950	318.317811	296.303418	330.483236	468.701868	419.028562	442.31395	79.366233	146.603575	135.705914
6806	-1.31191300159143	4.58357740238458	34.0921974761113	1.58978991738952e-05	0.00043546272104044	chr16	57548440	57550050	chr16:57548440-57550050	316.811121	326.654552	268.433267	348.619694	418.748697	274.246424	114.944172	92.877916	134.883588
8545	-1.42851126591711	4.32793109195357	33.9691209974116	1.62480274718781e-05	0.000440662942115391	chr19	14956980	14958480	chr19:14956980-14958480	369.818422	244.706431	306.65237	259.420987	231.516794	212.358269	118.071907	88.745237	111.854579
13561	-3.8117614929982	4.7488381364559	54.3802364060862	1.65428587594367e-05	0.000445258132316355	chr5	113344280	113345780	chr5:113344280-113345780	383.515346	556.185418	223.919237	374.234592	443.413641	506.970315	42.224401	5.220304	29.608561
9428	-1.36357316325799	4.5577443107414	33.7684982363266	1.68373014192092e-05	0.000450801446901978	chr2	75609440	75610940	chr2:75609440-75610940	364.887434	353.970784	349.367953	215.820774	289.255922	317.548656	150.131187	93.965541	143.108094
14567	-1.15523548407737	6.0473798216101	35.3654329122242	1.69329609706436e-05	0.000452742437990738	chr6	60828180	60829900	chr6:60828180-60829900	851.678081	836.743873	913.887334	826.22389	806.104297	1043.995072	321.374438	488.968686	274.42767
3844	-1.37754950927537	4.94816865425849	33.4037524652784	1.86592522284501e-05	0.000489997539942538	chr12	104477760	104479270	chr12:104477760-104479270	450.356747	470.063849	475.041566	302.47618	279.585971	507.959078	197.633518	169.986235	131.593701
4270	-2.3249801377943	5.19902365246529	44.1063298656234	1.86773173321663e-05	0.000489997539942538	chr13	37439480	37441000	chr13:37439480-37441000	493.365052	475.565306	558.449371	658.362715	612.707111	441.325377	83.275899	157.044182	41.671312
6782	-1.48432738025407	5.37613486938997	35.6709932376166	1.9282054940439e-05	0.000502490351747841	chr16	43971900	43974500	chr16:43971900-43974500	612.528857	522.988669	534.393725	657.27235	560.853571	550.074756	260.774718	98.533223	197.390565
6808	-1.0210998548356	5.84440597981036	32.7356951686761	2.02730578358853e-05	0.000521364362371549	chr16	57753140	57756100	chr16:57753140-57756100	828.392877	699.594743	645.453927	777.899491	837.21662	743.648649	232.625094	385.432489	379.976845
17809	-3.85309190359153	5.88652733053315	68.2257952571695	2.03232633582671e-05	0.000521968702151551	chr8	117014580	117017740	chr8:117014580-117017740	894.13853	872.02767	1001.116946	862.556862	850.950528	1032.527007	16.811567	109.843972	50.992531
13849	-1.37207628450785	4.36138115406352	32.684626602013	2.04621421520036e-05	0.000523153592982724	chr5	121842120	121843640	chr5:121842120-121843640	314.482755	348.659254	308.00142	207.464104	207.131915	256.451203	125.50014	129.63762	93.48632
6685	-1.55320908503789	4.86780754960238	34.2079268531462	2.05299977394602e-05	0.000523153592982724	chr16	30120160	30121660	chr16:30120160-30121660	500.761382	559.599982	419.061611	294.301107	245.531147	359.071143	204.08448	85.700011	180.941365
11158	-1.25621302995733	4.91984071809625	32.2966681752999	2.19643729517014e-05	0.000552744625986537	chr3	145756480	145757980	chr3:145756480-145757980	333.110537	511.037946	314.745899	449.081737	446.216419	395.452872	161.860188	113.106658	178.199768
17689	-1.82603776311459	4.06420716893747	32.2604198583166	2.21108856886778e-05	0.000553812307472195	chr8	110123840	110125340	chr8:110123840-110125340	275.583326	254.570567	280.123803	172.220618	163.687432	255.067169	89.140398	78.304671	44.412852
6630	-1.95847214498086	4.08480459293867	31.9821369754336	2.3272601605143e-05	0.000575775947306987	chr16	18732960	18734520	chr16:18732960-18734520	176.691002	90.484426	175.808043	422.9215	342.51041	270.885252	46.916	32.409383	26.318727
19290	-1.42807708705918	4.93233097299386	32.562953886731	2.45572076064238e-05	0.000599214260508804	chrX	12001560	12003060	chrX:12001560-12003060	398.855992	436.677605	534.618468	409.841542	260.666604	437.76634	103.215199	190.541052	180.941274
13546	-1.031452608602	5.85779644671717	31.0332814370508	2.7855893106994e-05	0.000663955403385606	chr5	113014320	113016440	chr5:113014320-113016440	638.279196	941.266171	772.026741	717.58628	729.586179	733.762248	335.058271	271.23834	470.173497
17821	-1.24960643401803	5.37446652650542	31.5212306383103	2.84764769649374e-05	0.000673002106746917	chr8	117131500	117133280	chr8:117131500-117133280	510.075374	518.246569	713.573783	438.18162	547.68035	593.969774	161.078226	297.557405	223.160967
18787	-1.29949678996355	5.46940411823862	32.2342563367829	2.87569967181253e-05	0.000677992160260263	chr9	70987460	70989060	chr9:70987460-70989060	611.159363	559.600246	490.10448	654.728957	852.071377	456.94554	205.257435	147.691152	277.717745
7080	-1.16767707902381	5.00437346607028	30.5777814123009	3.02744428660612e-05	0.000701914573923092	chr17	8437300	8439400	chr17:8437300-8439400	505.144536	450.714962	430.30265	427.281335	349.7978	369.352911	154.822756	259.710174	158.460708
13358	-1.29525878777864	4.43793113660009	30.4874309816877	3.07994344596204e-05	0.000710657172756235	chr5	101762950	101764560	chr5:101762950-101764560	344.478902	329.784545	323.176575	247.067603	261.927827	215.818395	107.9068	163.243363	106.37151
19128	-1.27714923305707	4.70328444669296	30.3942721350431	3.13513769975342e-05	0.000721284756966821	chr9	118474560	118476230	chr9:118474560-118476230	351.327405	375.216551	426.817805	290.485846	264.31049	366.18926	124.327399	194.238899	123.643186
18430	-2.78242215207467	3.44205482362293	30.1019786433877	3.31558731523621e-05	0.000749169411286609	chr9	41581620	41583120	chr9:41581620-41583120	154.501922	126.33681	113.308525	229.627549	237.122637	110.726857	18.766402	27.406627	6.579682
10020	-1.64700677920861	4.86042557931594	32.5290093296756	3.39450431130035e-05	0.000761717414057008	chr2	161187010	161189590	chr2:161187010-161189590	451.452485	397.410936	400.851365	470.881516	321.208524	384.775522	71.546899	196.196406	102.53336
18570	-1.93470701684692	3.93108630088332	29.9569937545215	3.40936127472728e-05	0.000763298580922619	chr9	48266060	48267560	chr9:48266060-48267560	316.674202	272.022405	231.563034	207.10076	173.217186	85.417912	53.953399	57.423331	88.825698
3124	-1.15113308114346	5.28243816893798	28.7065224774864	4.36439101722993e-05	0.000921046990969796	chr11	114472000	114473680	chr11:114472000-114473680	505.144452	462.665856	564.969025	580.972127	444.814955	543.154307	136.447341	250.357262	256.88193
8927	-1.2767168363443	5.0135432687164	28.958333238989	4.36843469239704e-05	0.000921046990969796	chr2	6720590	6722120	chr2:6720590-6722120	509.938542	425.201088	411.418001	458.164792	489.240568	308.057851	199.392948	105.819947	213.839743
12546	-1.66150547232682	3.98342448689412	28.5360178995423	4.50248050784919e-05	0.000934193009829219	chr4	150822830	150824330	chr4:150822830-150824330	242.984436	171.863544	232.462356	246.340937	252.538429	176.372021	80.930101	58.075905	50.992532
17765	-1.12284739312772	4.79089051048068	28.5216669014128	4.51534785641844e-05	0.000935869287950143	chr8	114798500	114800000	chr8:114798500-114800000	391.185613	325.137014	446.489582	338.627971	316.163369	357.093798	126.6732	164.439521	207.260102
18801	-1.88905684904449	4.16878246925336	28.1991258861343	4.82833042741617e-05	0.000981994986512477	chr9	73094040	73096180	chr9:73094040-73096180	185.731021	143.409296	200.088482	389.494813	344.192069	293.030659	18.7664	67.864046	46.057776
16672	-1.90312691103374	3.90598725605123	27.399910792438	5.66014068707657e-05	0.00111519606581564	chr7	144631580	144633080	chr7:144631580-144633080	180.800213	184.762811	234.710506	145.333833	196.200679	332.180301	58.645	50.897994	39.478093
19127	-3.00127384542871	5.45527816017646	46.4761960489302	5.95551326019625e-05	0.00115706269056198	chr9	118467560	118470300	chr9:118467560-118470300	763.743409	820.619802	776.972928	526.835307	557.770796	554.424565	49.261801	177.490397	46.057774
13560	-2.01218176758576	4.16239729013928	27.8962067588774	6.08628019007824e-05	0.00117662063615311	chr5	113342040	113343540	chr5:113342040-113343540	264.625718	309.202665	135.340723	345.167771	186.670931	300.544217	64.118534	28.711712	71.279887
13731	-3.00303357660314	5.46427403243365	45.6761634706208	6.41765311877656e-05	0.00122671541239727	chr5	119626020	119627710	chr5:119626020-119627710	906.465724	747.303161	511.349789	619.122261	599.953923	636.876503	112.402916	23.491375	116.378137
13427	-1.43611081003585	4.52867439147735	26.0518336985327	7.66030921253364e-05	0.00140714984547904	chr5	111254340	111255840	chr5:111254340-111255840	442.686409	308.443884	357.011858	343.714613	255.621448	157.390362	147.785348	86.135046	148.042857
2782	-1.23598120021256	5.33104274291643	26.7964328918123	8.10375071071832e-05	0.00146927465344146	chr11	96187440	96191260	chr11:96187440-96191260	399.403868	523.937445	574.636231	430.91452	558.331487	767.573695	246.308863	190.106125	155.170864
199	-1.33150204347715	4.78094979392686	25.8892995198313	8.5469225161566e-05	0.00152696161406107	chr1	72738780	72740320	chr1:72738780-72740320	475.010961	367.24941	391.184264	357.5213	361.569899	256.253547	173.589121	82.219785	202.325325
17866	-1.07328860762198	5.40991880436055	25.1866121048287	9.33554487255052e-05	0.00162581073933223	chr8	119470820	119472620	chr8:119470820-119472620	584.586986	535.698464	571.039079	464.341745	562.255615	629.165266	288.924312	155.304097	306.7779
5526	-1.55332244558154	5.25234900454159	28.3740227885636	0.000100439095209152	0.00171000184308613	chr14	105501160	105503540	chr14:105501160-105503540	458.574853	362.317286	557.549772	547.181939	643.538576	627.18803	96.177801	234.043693	105.274896
18467	-2.54828445146306	4.94237993274088	35.0082921329076	0.000102651867598355	0.00173258268757327	chr9	43456540	43458040	chr9:43456540-43458040	278.322652	377.113396	538.215634	420.014864	543.756232	576.570097	35.187	116.586777	37.284863
19326	-1.47231343430981	4.28999571493766	24.1268934668619	0.000113351330531629	0.0018666942780479	chrX	48053540	48055040	chrX:48053540-48055040	288.184479	193.488736	315.645029	326.27465	237.683043	246.762647	72.7198	127.897536	65.796859
14857	-1.61788620429606	3.94639705360145	23.8232598149063	0.000121241081328348	0.00197142839813857	chr6	99615020	99616520	chr6:99615020-99616520	220.247426	188.936098	149.729078	239.800887	245.531212	248.344382	60.990774	73.084264	34.543332
19403	-1.13508191506053	4.40602115939031	23.767819836491	0.000122746706433104	0.00198599700102237	chrX	99433300	99434800	chrX:99433300-99434800	323.248667	297.821006	286.418867	215.820863	324.011394	214.730946	133.710587	127.462465	123.369053
16871	-1.71932733065181	3.88520490892172	23.733592765488	0.000123686628198097	0.00199476964898071	chr8	14339510	14341060	chr8:14339510-14341060	207.783196	167.785144	252.133921	244.887709	212.737614	152.546057	44.570199	86.135045	46.057768
2506	-1.5456083397707	3.93981692199668	23.6790238259824	0.000125201789064898	0.00201570755129608	chr11	76352400	76353900	chr11:76352400-76353900	182.991723	213.975876	186.599294	239.800677	262.34849	189.42198	51.6076	46.982741	88.277415
13364	-1.6871942538934	3.99675925401201	23.6604335724591	0.000125722677932317	0.00202076458896968	chr5	102844590	102846090	chr5:102844590-102846090	273.391674	245.654908	242.804062	217.637527	204.329146	139.00177	37.5328	104.841096	77.585401
6284	-1.34296489842588	4.77054426821582	24.3886261145113	0.000126130368258026	0.00202565164141587	chr15	94650860	94652460	chr15:94650860-94652460	431.180933	425.485696	284.845084	271.047667	356.244389	437.964042	130.973833	90.920343	199.035424
1235	-1.76119462398901	3.88575258124781	23.0709212056744	0.000143561353288751	0.00223448899537186	chr10	41480560	41482060	chr10:41480560-41482060	271.200164	197.66205	253.59527	135.887172	116.038697	252.298951	56.299201	52.203085	90.470609
8001	-1.23986989298367	4.49514665531892	22.6595626609752	0.000157677362959699	0.00240765942113072	chr18	38097300	38098800	chr18:38097300-38098800	331.466897	276.954647	419.960985	269.594321	297.664445	186.258476	96.177798	134.422798	176.006489
1709	-3.2934407268568	5.78397967101052	41.8871837161304	0.000160940343021437	0.00244792140416653	chr10	103367000	103368620	chr10:103367000-103368620	759.908701	684.419373	496.848929	983.183659	979.88305	1123.876784	21.1122	122.677111	39.478089
10375	-1.55101448576818	5.29419208619082	25.7023701063971	0.00018504420738902	0.00271523200707087	chr2	173272980	173274480	chr2:173272980-173274480	445.973568	573.257771	272.480051	605.31581	711.928295	700.346741	161.07824	71.779206	179.296316
18938	-1.38586120770972	4.07853226428964	21.591700137141	0.000202109188321406	0.00289393705915155	chr9	99993920	99997200	chr9:99993920-99997200	284.349336	207.336493	238.757429	211.824258	201.245863	220.662677	85.621661	114.194242	59.217156
14285	-1.42399667505323	4.08473135647338	21.1772617526085	0.000222980589537925	0.00310149774417874	chr6	16315880	16317380	chr6:16315880-16317380	256.407451	203.732333	198.289896	272.501002	250.576349	210.776294	56.299199	110.931491	60.313742
10376	-1.68466852758915	4.07266753094282	20.9356447252893	0.000236699333613108	0.0032487980867052	chr2	173306280	173307780	chr2:173306280-173307780	227.369878	189.694881	132.193243	337.901212	242.728317	298.566831	23.458	76.129496	59.21713
9875	-1.05151531725529	5.34410870030719	21.2940285153013	0.00024269515363772	0.00330095809175312	chr2	151999160	152000800	chr2:151999160-152000800	561.576025	470.82262	444.016584	661.269306	556.649537	536.629343	222.069042	132.682724	311.712616
8127	-2.96485937194951	4.89351048985616	32.4754534878067	0.000251418074273321	0.00337266044040636	chr18	61039280	61040780	chr18:61039280-61040780	512.814821	586.916061	392.982671	412.021539	464.154814	331.784955	105.560974	11.745684	60.862047
1788	-1.11539927782534	4.24085488542696	20.4639168897072	0.000264772788164327	0.00353241238544148	chr10	118135480	118136980	chr10:118135480-118136980	259.694699	203.352939	257.642037	229.62752	264.030052	283.539766	93.832001	110.496495	105.274884
3258	-1.15594771708294	4.44185738017039	20.1310036400635	0.000287210421047215	0.0037348820222008	chr11	118584280	118585780	chr11:118584280-118585780	306.264602	300.097275	273.82901	342.261348	239.925394	259.417179	80.539135	158.784335	128.303839
18903	-2.17309478219689	4.05165146598603	21.2946479385172	0.000337510282386929	0.00421174265144176	chr9	97852280	97853780	chr9:97852280-97853780	253.120176	201.076632	295.411526	270.321	225.350528	192.19012	16.4206	102.231027	35.091634
5574	-4.15241398748224	4.93136183213397	34.4421730701761	0.000344050090403167	0.00427221030300502	chr14	121504020	121506230	chr14:121504020-121506230	558.151755	366.964767	250.560226	500.675148	489.941294	663.866398	39.8786	0	21.383967
9423	-1.32595578182845	3.98095920466905	18.9163730661296	0.000389008341465739	0.00467312110261086	chr2	75000700	75002200	chr2:75000700-75002200	195.045089	172.242941	156.024013	244.887575	293.179941	238.062659	47.697934	84.829961	61.410355
10623	-1.01193371878534	4.62528381003042	18.0723517178585	0.000483390900550479	0.00545489327439903	chr3	38396370	38397870	chr3:38396370-38397870	390.363757	279.610279	360.384168	319.734581	299.906793	258.626244	150.131199	208.377185	115.418603
10874	-2.29897289340769	4.20432242320112	20.6942183136359	0.000514667460912544	0.00571219507299016	chr3	96349080	96350680	chr3:96349080-96350680	168.746847	217.58005	197.165817	340.081058	356.244482	342.264423	9.3832	78.304629	21.93227
3337	-1.37760715187331	6.3276391091166	23.6770703408895	0.000547162644375485	0.00592810082279315	chr11	119154440	119157840	chr11:119154440-119157840	1042.339574	1213.288679	1335.646412	855.290134	923.264603	1136.135712	309.645532	666.241721	306.50375
18407	-1.80932887668772	4.16222102105847	18.5421203242475	0.000588127658481559	0.00623576172484288	chr9	37545280	37546780	chr9:37545280-37546780	239.971133	229.91027	353.414668	285.58101	219.184176	179.140233	37.5328	137.033037	42.767932
9139	-2.72706248821915	3.84847713159421	18.1624647482771	0.000601074297586636	0.00632973984177306	chr2	30786220	30787900	chr2:30786220-30787900	73.963742	38.697748	18.884738	420.014839	362.130399	374.296152	0	9.135532	9.047061
6283	-1.57220027348743	5.00586117561485	20.4788801246766	0.000609545255736744	0.00639139593528684	chr15	94648680	94650280	chr15:94648680-94650280	501.035331	589.761248	301.706439	412.021746	298.785618	555.017996	192.355602	75.476919	169.426864
4708	-1.20223343487548	4.32008928491221	16.8137782655844	0.000675330159553197	0.00687464998357668	chr13	96927820	96929320	chr13:96927820-96929320	289.280217	284.921749	203.685582	263.054287	292.619312	264.557975	60.990801	149.648826	103.629982
13332	-1.80023405704569	5.3573434164534	22.2623903533741	0.000689927823590137	0.00699713633180885	chr5	99730680	99732660	chr5:99730680-99732660	566.781163	628.649004	765.732097	488.321457	427.717573	575.779238	187.663998	265.80049	67.441734
400	-1.1249636657587	4.17944172892765	16.600343955474	0.000715664607052599	0.00719900398602319	chr1	90849190	90850740	chr1:90849190-90850740	242.71049	287.198086	225.268163	262.146001	257.723657	147.602836	120.417733	95.48805	106.645708
19359	-1.33174404401349	4.06253293252708	16.5269130579023	0.00073015741265754	0.0073111722031785	chrX	71962000	71963500	chrX:71962000-71963500	174.225645	222.322404	125.448666	326.274471	301.027919	234.899008	39.8786	66.558913	87.180784
202	-1.21275812531625	4.08339358061455	16.457574951917	0.000744143654407605	0.00739414729303337	chr1	73952400	73953900	chr1:73952400-73953900	255.859654	212.837711	145.232778	234.714264	276.362787	242.412737	105.560999	68.299025	72.3765
9281	-1.19628029203851	4.44902701714743	15.8567499839493	0.000904197829893595	0.00840733279829838	chr2	36205180	36206740	chr2:36205180-36206740	244.354133	231.617498	337.677389	373.871508	252.538326	315.76916	109.861634	156.609152	62.506961
11131	-1.17022595005559	5.20181863231184	17.1711578774288	0.00091571696850682	0.0084779701917142	chr3	138670320	138672340	chr3:138670320-138672340	416.936008	412.017373	620.948834	523.201868	429.959817	535.04732	103.2152	267.54063	229.740603
13562	-2.62179603812755	5.55775942971372	24.7224623326022	0.00102005317751648	0.00915378299107424	chr5	113346860	113349540	chr5:113346860-113349540	875.510824	881.133245	442.667737	712.136332	593.927535	709.837472	150.913131	28.05915	155.170854
12449	-1.98969640600738	3.62289635291067	15.2588565379661	0.00104007342994839	0.00929913656730637	chr4	142132600	142134100	chr4:142132600-142134100	54.240086	30.730568	52.607521	370.601375	192.837241	385.170996	11.729	3.915228	16.449209
