regionID	logFC	logCPM	F	PValue	FDR	V1	V2	V3	V4	DMSO1	DMSO2	DMSO3	PDsiNanog1	PDsiNanog2	PDsiNanog3	t2i1	t2i2	t2i3
9124	-3.48072040245462	5.61037808393801	345.381441063506	3.61257014237054e-13	9.68097246742968e-10	chr2	29845640	29847160	chr2:29845640-29847160	1364.766716	1304.531914	1574.628962	154.780578	138.181344	105.783694	125.109335	128.985019	99.243512
16001	-2.73037314756911	5.65964150113059	303.608533526972	1.08405827798584e-12	2.08668696640808e-09	chr7	81476160	81477920	chr7:81476160-81477920	1209.442995	1256.728383	1214.694596	316.101219	283.089582	285.714646	162.251138	155.521606	199.583738
13155	-2.93937970753113	4.94987238209495	156.751281495521	2.64424422342933e-10	9.93879872056276e-08	chr5	52617760	52619260	chr5:52617760-52619260	913.314785	803.927061	696.487823	147.513876	100.342651	163.717645	86.794601	123.112158	82.246017
15261	-3.81239346225729	4.11638058196292	156.809549509861	2.63629940648585e-10	9.93879872056276e-08	chr6	135039460	135040960	chr6:135039460-135040960	470.080283	534.180868	547.657949	41.420171	25.225803	37.963507	30.4954	39.152301	32.8984
10283	-1.53704525498451	6.74101797017679	148.922605404775	3.99940046901797e-10	1.39586218155279e-07	chr2	168910900	168913040	chr2:168910900-168913040	1800.330822	1939.820207	1917.25249	1032.59752	1037.061367	989.422764	736.580175	514.635245	564.756504
15918	-2.61684931322079	4.93670129975136	136.883070328561	7.86343737749327e-10	2.13800377163877e-07	chr7	73371940	73373440	chr7:73371940-73373440	600.475517	642.30696	936.144355	220.180877	193.397819	141.17662	119.635758	100.49086	110.757963
2767	-2.20537880391495	5.5813705857917	125.085138130292	1.60899787493966e-09	3.65672830996462e-07	chr11	95596380	95597890	chr11:95596380-95597890	1032.477866	953.880828	1097.114482	304.292815	361.85017	392.486994	274.654004	159.980619	187.795139
10547	-1.44006056400835	6.25412543116316	123.290532915917	1.80346453070491e-09	4.05157635087672e-07	chr3	9346260	9348440	chr3:9346260-9348440	1498.997266	1435.990237	1470.313637	622.029206	487.698905	554.424643	534.841787	465.912148	512.119272
17342	-1.59858709566529	5.61270431835388	119.62640148033	2.28708528084379e-09	4.80656793699913e-07	chr8	78419450	78421120	chr8:78419450-78421120	990.291252	967.82345	999.543376	324.457674	342.370404	332.279277	322.547246	281.787761	305.544257
10787	-1.71933285032515	5.51782569704147	115.781302683153	2.95512694160967e-09	5.95442846121248e-07	chr3	87973740	87975240	chr3:87973740-87975240	815.791644	854.386241	837.673981	453.441591	418.748412	417.598119	262.729478	195.761497	251.672902
16233	-1.94581159513418	5.38788736381429	114.338211224486	3.25972205070339e-09	6.23707632374014e-07	chr7	120830400	120831940	chr7:120830400-120831940	825.653778	888.151792	905.79413	260.874321	343.070922	304.103212	248.654692	167.049789	218.226145
7146	-2.5890009727098	4.42184254669469	114.33865394577	3.25962340933693e-09	6.23707632374014e-07	chr17	23532800	23534300	chr17:23532800-23534300	488.160261	552.012289	562.495841	91.560331	89.131164	116.263268	91.4862	65.253847	91.567225
7901	-1.31319764179434	6.66082347895346	110.334427782105	4.30413558020796e-09	7.93625753916647e-07	chr18	35932120	35933840	chr18:35932120-35933840	1524.747693	1574.087828	1828.899263	1061.664774	968.671356	1102.324405	614.989952	679.727421	550.500539
15919	-3.0709572738114	4.86954118089258	120.747054747451	4.40328689369098e-09	7.96872614233243e-07	chr7	73397780	73399280	chr7:73397780-73399280	700.189384	898.774438	921.756138	64.673553	79.040853	36.777142	65.6824	78.304559	136.528492
1041	-1.44636158923139	6.58957116456014	99.6745304656417	9.50973830348524e-09	1.41883843619557e-06	chr1	186703700	186706180	chr1:186703700-186706180	1853.74902	1794.133807	1408.038354	1036.231473	913.454467	757.292163	489.48979	555.52711	686.206666
4585	-1.90712396270355	4.89098106985452	98.594784201302	1.02578158452446e-08	1.51885614163111e-06	chr13	69702940	69704440	chr13:69702940-69704440	578.012287	706.802756	757.188764	141.700547	124.447295	155.808482	175.93493	173.575152	157.364101
12180	-1.29108243436146	6.22155605188711	94.7063377345721	1.39475746248845e-08	1.9347841059568e-06	chr4	134253190	134254690	chr4:134253190-134254690	1276.01048	1264.695668	1345.989012	636.925527	691.187067	656.451598	485.580238	554.004959	437.823478
10588	-2.01828669083907	4.71666773326166	92.7546300369126	1.63396590173405e-08	2.18178598903137e-06	chr3	30599000	30600540	chr3:30599000-30600540	657.454749	467.407957	538.66527	210.734006	174.33833	177.162902	107.906786	140.94824	133.238595
11255	-1.67979463768	4.97590546573485	92.7106496393484	1.63985774581321e-08	2.18178598903137e-06	chr4	15148260	15149860	chr4:15148260-15149860	646.497215	556.090495	557.100138	286.307497	294.020855	246.564786	180.626591	163.134576	167.507711
16002	-2.68591081082748	4.3498221817416	92.5370980126562	1.66333919842342e-08	2.18187682101918e-06	chr7	81493240	81496480	chr7:81493240-81496480	564.589548	449.197302	521.354165	77.390288	124.166999	85.220163	60.599834	98.533281	62.232815
8598	-1.94645501151356	5.20443499140874	92.6047177563524	1.65414612208821e-08	2.18187682101918e-06	chr19	28661960	28663540	chr19:28661960-28663540	825.653904	875.631794	735.605961	207.100749	227.592774	222.24456	158.732453	160.524307	271.960356
19339	-1.05415886144214	6.93420049814951	91.454435661659	1.81853973308143e-08	2.3695572722051e-06	chrX	53773700	53776270	chrX:53773700-53776270	1847.311567	1899.794014	1646.458677	1375.222698	1393.866317	1336.135989	764.338634	709.200457	951.313616
5286	-1.19882103552325	6.42989470265654	85.8830106073273	2.92032241782962e-08	3.35751186214588e-06	chr14	55787440	55789260	chr14:55787440-55789260	1333.537675	1420.434674	1601.607158	818.229118	825.164107	716.560376	610.689161	496.364117	664.000069
4260	-1.46732161625363	5.465021826116	85.2135225936885	3.09669257617629e-08	3.47844002306699e-06	chr13	34963100	34965540	chr13:34963100-34965540	736.075259	740.569028	799.679651	395.307816	412.581976	477.706785	242.790246	253.61981	270.863762
10224	-1.42502655836561	6.0499736768532	85.0911318217335	3.13019875459162e-08	3.49598483762818e-06	chr2	167537110	167538860	chr2:167537110-167538860	1410.378005	1411.80458	1019.215064	512.846837	505.637179	393.772107	428.303554	429.261446	475.793621
10305	-1.49813186358689	5.74710524529755	84.9551679005948	3.16789411138152e-08	3.51798240948589e-06	chr2	170408250	170410180	chr2:170408250-170410180	885.235553	901.999066	974.8134	514.481676	600.514475	481.167151	366.726601	274.174784	269.218802
15218	-1.13921587487281	6.44972738626537	83.9124290549537	3.47435119442561e-08	3.793642128215e-06	chr6	127079260	127080980	chr6:127079260-127080980	1416.267634	1241.932586	1424.225577	915.6038	954.937165	868.611891	624.373161	485.488406	618.49074
12944	-1.24680170661447	6.28657759018357	80.1271084577663	4.89814874282785e-08	4.96866458461783e-06	chr5	33103620	33105620	chr5:33103620-33105620	1367.505819	1110.663385	1443.560337	646.372156	791.249783	770.143965	549.698455	480.920821	508.554955
18548	-1.54868327976892	5.51976999291774	80.0843528632915	4.91756188478306e-08	4.96866458461783e-06	chr9	46333980	46335540	chr9:46333980-46335540	816.339611	868.613151	794.733554	343.351119	405.574993	493.32727	260.383653	235.566246	294.715125
45	-1.6878473805095	5.35323954335136	74.8918873669718	8.05806543039026e-08	7.5366527239769e-06	chr1	20934100	20935950	chr1:20934100-20935950	913.725333	814.645241	612.967564	337.901239	358.206399	324.370183	276.022321	175.532725	225.354193
13225	-1.26020654970995	6.06625317113597	74.7988592324784	8.13173852818195e-08	7.5683252158722e-06	chr5	72867570	72869400	chr5:72867570-72869400	1177.940094	1129.538548	1084.974157	739.022868	616.070235	522.096576	448.633673	382.713626	489.775622
15920	-3.01383991095844	3.79815333507646	74.5806817489303	8.30747824890219e-08	7.69524466231248e-06	chr7	73402120	73403620	chr7:73402120-73403620	381.871795	354.350029	397.029509	39.240133	43.724731	48.640728	30.495399	40.022371	60.313747
9311	-1.19490236232089	6.71176590484646	74.1921525593962	8.68545944743104e-08	8.0074200424547e-06	chr2	44556310	44557860	chr2:44556310-44557860	1875.252856	1818.510015	1519.772917	972.283681	917.378487	1074.445261	656.822801	849.060974	611.088454
3197	-1.72014397120573	5.18276869935438	73.2382719705892	9.48629402745133e-08	8.42770985302437e-06	chr11	116694100	116695640	chr11:116694100-116695640	870.580102	770.161275	827.331961	178.760665	187.792078	116.26325	285.405533	190.106105	222.064344
17113	-1.40219705815383	6.43626034116302	75.3382742225553	9.80528466016746e-08	8.64883861242989e-06	chr8	33516600	33518540	chr8:33516600-33518540	1478.72569	1465.20318	1519.323974	835.670141	840.299959	803.164321	415.988118	698.433346	455.095068
18940	-4.55177687297024	3.6298335393006	72.0220128721978	1.07827207128144e-07	9.28026457840895e-06	chr9	100581370	100582870	chr9:100581370-100582870	377.214945	368.766987	313.396963	50.140189	74.275975	15.422662	9.3832	22.621317	9.595373
15914	-2.1059591447606	4.37140222761693	71.0999849579485	1.17676914918985e-07	9.90051105099601e-06	chr7	73322960	73324480	chr7:73322960-73324480	368.44873	451.284048	497.748217	175.127335	151.354803	118.438213	77.4114	95.923118	112.128789
8157	-1.20630626120915	7.20460761878648	77.2237139742306	1.28790975346583e-07	1.05868950764164e-05	chr18	64344100	64347060	chr18:64344100-64347060	2120.018418	2429.612394	2385.999389	1520.556989	1583.060167	1586.951572	1088.058975	675.159548	1043.428886
8781	-1.28787309752437	6.30072971770579	70.1450583641589	1.29786200123814e-07	1.06136873699579e-05	chr19	45239940	45245260	chr19:45239940-45245260	1365.040554	1316.861975	1542.480556	782.623118	583.276632	588.433717	502.391835	639.487551	466.883794
18524	-1.31791903646042	5.49544016334309	68.4833931724441	1.54303562260956e-07	1.22099721635238e-05	chr9	45144920	45146530	chr9:45144920-45146530	842.912358	851.065812	807.660602	330.27093	337.044871	356.698345	295.570441	269.715795	371.478213
6691	-1.40494543157964	5.7359385989324	67.9742173854625	1.62815949739525e-07	1.2728950950636e-05	chr16	30282420	30284040	chr16:30282420-30284040	1106.167928	1095.298528	1287.760344	175.127204	207.972807	257.835417	362.03492	452.861536	412.327075
1256	-1.55139300727076	5.03318981755001	67.6408480735987	1.68671583183601e-07	1.30820876719186e-05	chr10	43003820	43005340	chr10:43003820-43005340	607.871893	668.295259	836.550013	148.240545	149.112522	189.224284	220.114233	212.944988	239.061956
3212	-1.70517001999341	4.85566765356201	67.3922999021508	1.73189734697534e-07	1.33794204136889e-05	chr11	117782560	117784060	chr11:117782560-117784060	579.108306	487.895309	509.888461	279.040949	262.348326	271.676059	125.109333	195.76145	128.303802
8429	-1.46579893104506	5.43695869994979	67.034911921362	1.79924072107241e-07	1.37624634500966e-05	chr19	5474220	5475780	chr19:5474220-5475780	777.988153	631.873698	872.745579	399.304915	398.847953	405.339083	224.805825	307.127997	236.594499
7148	-2.51893937455044	4.35972020037305	65.7343136721514	2.07006238448462e-07	1.55016740631233e-05	chr17	23537000	23538620	chr17:23537000-23538620	424.606303	475.375437	591.272694	134.433843	105.948385	78.299748	59.426934	56.988409	127.207201
19033	-1.01110712431616	6.64690132945774	65.6060327318277	2.09914095159667e-07	1.56594312591438e-05	chr9	107598320	107602180	chr9:107598320-107602180	1754.856627	1731.914598	1625.438138	865.463417	904.205133	656.056039	827.284467	821.763225	711.154732
18763	-1.43492445745518	4.94240271903761	65.2916947697935	2.17233359163652e-07	1.60219849239758e-05	chr9	66605500	66607000	chr9:66605500-66607000	586.778865	587.675056	580.031959	192.567342	242.167689	243.599102	202.520692	187.930975	214.388091
4496	-1.983984775711	4.63051970377133	64.043600740072	2.49228173095595e-07	1.77133259751033e-05	chr13	56147280	56148860	chr13:56147280-56148860	600.475516	575.534446	526.07524	138.793879	121.64443	113.099555	178.280799	80.91469	142.011512
18706	-3.49023569472679	4.44102076112336	77.5707375746084	2.6758227429988e-07	1.86117279401821e-05	chr9	61368830	61370340	chr9:61368830-61370340	630.061035	671.804478	530.908832	59.041877	30.270962	122.194936	58.645	54.813203	37.833163
4278	-2.03449758000474	4.21186238375547	61.9693322011791	3.14659198135727e-07	2.13654649593408e-05	chr13	37760560	37762060	chr13:37760560-37762060	368.722673	407.085369	361.058486	158.413926	153.036534	119.031382	68.810134	97.445705	92.115559
8808	-1.13118620308905	6.60058967154098	62.0127845149539	3.14824963330271e-07	2.13654649593408e-05	chr19	47342280	47344500	chr19:47342280-47344500	1846.900464	1934.887945	1437.939588	730.302455	867.2072	583.688063	686.536629	700.826129	835.620376
10645	-1.68354791268553	4.96013996811335	61.802297569179	3.20707594665772e-07	2.1689376947206e-05	chr3	51395800	51397440	chr3:51395800-51397440	789.219316	707.182453	515.733671	208.190841	161.445138	143.154012	157.1686	188.148514	239.061972
645	-1.23334957136105	5.40915281122754	59.5089556419846	4.18268527803869e-07	2.69803906796258e-05	chr1	133889470	133891000	chr1:133889470-133891000	792.096148	688.971434	755.165556	388.404747	322.890396	351.557546	321.374451	285.268041	278.677095
4124	-1.10012293249094	5.90290877097759	59.2164134264981	4.32930743634469e-07	2.78343137642622e-05	chr12	112873010	112876460	chr12:112873010-112876460	962.486432	954.260278	861.954091	576.975977	638.913806	641.127609	436.122892	347.150362	425.21207
7770	-1.47944783225047	4.85771596593267	59.0038724999972	4.43941727490402e-07	2.83959098302631e-05	chr17	87194000	87195740	chr17:87194000-87195740	487.064338	423.398967	616.003031	271.04767	253.93978	279.585151	164.205922	161.829469	184.231221
7310	-1.38723204142732	5.50595441820748	58.7847354151328	4.55621491506727e-07	2.8665085163755e-05	chr17	32188270	32190020	chr17:32188270-32190020	813.189676	666.113546	785.853424	473.42481	434.024162	468.018256	340.336218	211.639898	254.414518
13961	-1.67185411847453	5.17980464678137	58.4196306110384	4.75847698774958e-07	2.94317825080904e-05	chr5	128540930	128542500	chr5:128540930-128542500	693.067091	600.384262	711.887923	344.441103	347.695667	284.627197	253.346297	121.698395	212.057684
682	-3.4535393597512	3.42867165930269	58.4307825566111	4.75215316218799e-07	2.94317825080904e-05	chr1	135698700	135700200	chr1:135698700-135700200	265.721398	324.378328	305.303413	26.160096	50.451609	26.8908	16.4206	23.491363	36.188244
8806	-2.08271300629338	4.47363223765947	58.3264068982737	4.81170800924558e-07	2.94811388842335e-05	chr19	47266560	47268060	chr19:47266560-47268060	678.82259	493.585976	371.400173	112.63376	142.946211	82.64972	131.364798	87.875139	120.079242
15069	-1.40587986264619	5.33953721535594	57.6631372731853	5.21011981229815e-07	3.10462779668803e-05	chr6	119323870	119325370	chr6:119323870-119325370	732.24066	576.672669	807.997719	345.894676	322.890243	444.093376	239.662472	252.097255	252.221284
12073	-2.08947180438261	4.37314104757961	56.327668820648	6.12853674961857e-07	3.56494793962188e-05	chr4	130097020	130098520	chr4:130097020-130098520	431.728754	471.960876	463.126184	138.067233	176.580641	77.904278	82.103	95.270593	122.2724
1124	-2.26410811273974	4.33098465095686	55.7230432339522	6.60245684597002e-07	3.74503692307499e-05	chr1	193271780	193273320	chr1:193271780-193273320	561.576267	404.808979	458.62977	63.220244	117.720416	126.544958	70.374	122.242113	82.794323
18590	-1.22217707927398	6.02790796614765	55.737135533427	6.59095771411668e-07	3.74503692307499e-05	chr9	51076160	51077890	chr9:51076160-51077890	1181.775277	1226.188202	1149.160256	558.627116	521.052941	404.943561	380.605928	437.744341	606.290821
2927	-1.12612385298535	6.2162761086156	55.7131054337326	6.61057937304104e-07	3.74503692307499e-05	chr11	101245480	101247320	chr11:101245480-101247320	1495.161963	1284.044905	1724.358428	400.031442	294.020722	333.762179	552.04453	676.464782	694.705749
14211	-1.48081468244735	5.98444381952612	58.0339277296909	7.18915736969977e-07	4.03770347099948e-05	chr5	147751020	147753840	chr5:147751020-147753840	1107.263571	1042.942273	1085.423596	591.509209	609.903828	691.251358	315.900773	495.059161	264.832261
15579	-1.24663950350579	5.26147291380506	54.5598071608942	7.63326073202739e-07	4.21446556518292e-05	chr7	30633900	30635680	chr7:30633900-30635680	691.971341	682.142909	758.987118	253.607606	257.303225	311.221357	285.405506	249.704623	303.213798
802	-1.00223475471228	6.14123757933241	53.5706852729096	8.65168872962651e-07	4.63280154028904e-05	chr1	158361920	158363700	chr1:158361920-158363700	1074.390741	1005.572595	1057.096865	765.182741	810.589476	709.837464	495.745276	541.606703	418.906772
6659	-1.46013509925582	5.75959154496266	54.2526964260268	8.9506629255375e-07	4.76677675421337e-05	chr16	23980180	23983460	chr16:23980180-23983460	1004.810357	1145.947056	859.481175	326.637928	538.991353	457.341191	395.266953	261.015339	364.350143
9814	-1.4958186199729	5.33639317218425	53.1818017968955	9.09276142039205e-07	4.82929407504246e-05	chr2	144164560	144166320	chr2:144164560-144166320	711.147093	785.146658	801.028449	329.181154	409.779179	203.065119	229.888319	261.232783	268.122182
14570	-5.24600515640484	3.01042921205325	52.800937550446	9.54910278733101e-07	5.057919078005e-05	chr6	64648170	64649670	chr6:64648170-64649670	271.200368	231.048355	191.770188	18.166725	28.589251	40.731671	0	5.220304	11.514445
5721	-1.30317552401117	6.69859763748486	60.6138282530738	9.60992024877185e-07	5.07637543952016e-05	chr15	38470100	38472200	chr15:38470100-38472200	1625.009173	1834.918509	1540.906102	1119.071277	1122.268181	1037.272713	713.12243	412.839243	768.178788
15429	-1.67075169285359	4.61852719590757	51.2133695192619	1.17459317982591e-06	5.94751909318587e-05	chr7	16993040	16994600	chr7:16993040-16994600	434.742046	508.19277	427.829498	164.590625	260.946919	214.533133	112.598399	117.674409	171.894238
8807	-2.0753823159264	4.92275241696527	56.42296621177	1.22190225152224e-06	6.12361012974412e-05	chr19	47314080	47315580	chr19:47314080-47315580	797.163956	732.60166	846.666628	65.400237	88.010024	26.099904	138.402175	199.241594	187.520969
6499	-1.30908287874351	5.85386197045176	50.7653922731112	1.2521484034673e-06	6.22728767067898e-05	chr15	102931320	102932820	chr15:102931320-102932820	912.21903	832.381037	1016.629342	579.882519	493.304632	769.551031	338.576871	399.788454	297.730914
7899	-1.92858598999184	4.30315899051407	50.385844072703	1.31099554007145e-06	6.48693869131558e-05	chr18	35922140	35923640	chr18:35922140-35923640	332.01488	440.092195	389.835274	136.613832	195.079527	161.344833	72.7198	82.65484	129.948738
10601	-1.77397586533087	4.24965016134904	49.9288349239032	1.39381610547118e-06	6.81053394535856e-05	chr3	35340420	35341920	chr3:35340420-35341920	355.025659	349.797398	379.044051	139.520527	174.338319	172.022067	109.470667	104.40611	80.601094
4169	-1.14181437378781	5.43578470226292	49.4652832444309	1.48381045220836e-06	7.12557132393425e-05	chr12	117172250	117174240	chr12:117172250-117174240	738.678018	781.35345	875.443328	344.622815	257.72366	278.893174	337.599571	332.033155	342.006648
11456	-1.19586933960994	5.17218179264191	49.2433250226992	1.52917485737123e-06	7.30751163504176e-05	chr4	47110760	47112850	chr4:47110760-47112850	505.144579	544.803582	597.230336	386.951407	423.793524	378.448247	204.084589	205.875837	261.131312
11629	-1.02020373018666	5.76383615812483	49.033291820341	1.57352616292988e-06	7.42435847980549e-05	chr4	99659680	99663960	chr4:99659680-99663960	795.794455	836.174548	782.705589	559.53532	603.737733	602.867931	319.419495	390.652679	399.715877
8924	-1.10435804067978	6.75707310609741	52.6760019645657	1.63852787819181e-06	7.64320462512147e-05	chr2	6098490	6102930	chr2:6098490-6102930	2200.282777	2384.464942	1802.595486	457.075088	710.24687	505.784008	924.243814	800.446871	1047.815294
4214	-1.52563768692503	4.86075433687604	48.6763455239743	1.65221943177559e-06	7.68872114144142e-05	chr13	22013310	22014840	chr13:22013310-22014840	561.028084	449.861469	584.190766	273.954396	212.737627	259.120495	227.542551	136.489203	151.469752
12593	-1.09594662407666	6.6668252897175	51.3623104713389	1.69214797740499e-06	7.82114520653721e-05	chr4	152285640	152288000	chr4:152285640-152288000	1622.544514	1660.779122	1939.958741	734.299074	823.202207	964.311266	673.243919	935.957726	663.177429
4290	-1.21510234554613	5.56581601793077	48.0012018812437	1.81331906636601e-06	8.20400952595453e-05	chr13	40702060	40705100	chr13:40702060-40705100	741.280564	884.92677	985.829513	279.040809	408.097307	339.298483	346.396219	371.294185	330.080981
17520	-2.62424712321001	5.15044761208262	63.7298636434264	1.90851593169272e-06	8.40133871282304e-05	chr8	94976640	94978140	chr8:94976640-94978140	665.673426	769.402599	1040.909827	150.420538	212.457299	330.994129	72.719801	140.948266	161.202232
651	-1.79462787503744	4.46210227639017	47.579402820885	1.92279902784855e-06	8.44289187506662e-05	chr1	134060380	134062100	chr1:134060380-134062100	539.113054	470.253883	568.566103	91.92368	55.216487	65.645221	139.966028	96.575625	188.617638
9345	-1.14225482488253	5.80700790911348	47.4509470861196	1.95758573282718e-06	8.52138377463411e-05	chr2	62645020	62646980	chr2:62645020-62646980	875.784673	893.652498	841.720769	602.408483	681.377279	473.554619	304.562875	348.237894	451.805387
11545	-1.08787355833871	6.3041593676507	47.4493289157827	1.96659592369873e-06	8.52264242321322e-05	chr4	64016300	64018400	chr4:64016300-64018400	1452.427263	1267.540794	1136.68269	646.00814	829.649067	737.519331	428.499201	630.786906	631.650186
8062	-1.11414723428167	5.33095604228058	47.2124435237607	2.02404584632255e-06	8.69450023436797e-05	chr18	47369680	47371220	chr18:47369680-47371220	621.2952	630.545919	648.826402	411.294858	451.822061	350.37114	243.963028	280.59141	293.892646
18547	-4.2419340449637	3.24784258701847	47.1162256481224	2.05156460586723e-06	8.76604204042662e-05	chr9	46328170	46329670	chr9:46328170-46329670	347.903297	296.113765	174.234308	34.880139	13.453766	40.336208	7.0374	26.101523	6.579682
7708	-1.20598186002934	5.26491249420857	46.1177019445221	2.36308361230936e-06	9.78526889885304e-05	chr17	84027840	84029480	chr17:84027840-84029480	613.35068	664.880476	581.15593	470.881794	366.615147	312.210161	267.420984	225.560739	258.25266
9891	-1.04870679916484	5.74798375329714	45.6312254731662	2.53364732559864e-06	0.000103598612926413	chr2	152734370	152737100	chr2:152734370-152737100	820.174967	1066.939102	882.862101	379.139711	456.446808	443.895635	425.175809	423.279762	398.893445
166	-1.13954546616707	5.4621531971578	45.3056449608019	2.65543526511584e-06	0.000107454414610122	chr1	55381140	55382740	chr1:55381140-55382740	752.23815	673.037546	593.745627	425.828128	532.825012	463.66836	248.654639	272.543416	333.644774
12821	-1.30727266217549	5.15609189255361	45.1408635373312	2.71954502768581e-06	0.000109353686561756	chr5	9569600	9571220	chr5:9569600-9571220	643.210029	570.981884	595.769066	314.647265	413.14268	277.21245	224.414788	178.360489	280.184873
11386	-1.82929136161219	4.4264423317883	45.0667227475815	2.74895018188447e-06	0.000110098834641254	chr4	45584790	45587230	chr4:45584790-45587230	455.287587	434.40136	562.495902	111.180416	72.313978	127.731406	164.205972	120.067012	95.40537
10890	-2.8737434686807	4.19459418191951	49.4963835084347	2.77201814921055e-06	0.000110569581074123	chr3	97941940	97943480	chr3:97941940-97943480	425.702034	461.717547	509.888599	80.660301	141.264486	37.568036	75.065599	69.169031	32.350105
8603	-1.31673925083681	5.38730165111857	44.7655243416291	2.87209949417776e-06	0.000114213147845427	chr19	30025150	30027870	chr19:30025150-30027870	721.556859	715.528911	700.534518	343.714688	362.130359	460.306908	217.377399	344.540092	235.772033
7651	-1.28303676291299	5.27367911033298	44.6368619604695	2.92656523857045e-06	0.000115788901999716	chr17	73107080	73108700	chr17:73107080-73108700	762.099825	724.634846	559.797955	317.554625	304.95198	354.325738	311.209225	199.676694	273.056967
5360	-1.44651130699884	5.17380897784956	44.4272911558841	3.01775804022494e-06	0.000118915485677815	chr14	64585300	64586800	chr14:64585300-64586800	778.536297	602.660694	537.316108	263.78092	329.617102	378.052952	279.932051	172.270098	202.873558
4019	-1.12910813509448	5.44417838691351	44.3748993783373	3.04104668557304e-06	0.000119592067343109	chr12	110319080	110320820	chr12:110319080-110320820	678.822289	580.845963	729.311418	492.681706	477.608727	435.39349	336.231148	251.444752	258.801075
10284	-1.89151919484842	4.25491656739089	44.0466600159411	3.19158162687834e-06	0.000124261878281548	chr2	168919600	168921100	chr2:168919600-168921100	343.520276	470.063836	360.608864	167.860615	142.946212	104.399652	108.688733	65.253822	121.724194
11474	-1.9170565898774	5.84564760179069	55.8177140163667	3.26913980403017e-06	0.000126491636446337	chr4	53158060	53160740	chr4:53158060-53160740	1321.484415	1281.958371	881.73828	504.308679	507.319094	356.303077	249.827646	185.538378	428.776405
4748	-1.08255537122564	5.58391111972336	43.2333424330058	3.60158014455218e-06	0.000136996229120545	chr13	102664840	102667060	chr13:102664840-102667060	865.100957	798.995202	664.5633	471.608503	432.202069	444.488909	351.869785	278.851306	395.329469
9890	-1.13782395817299	5.25733793681634	43.2224712478742	3.6074431332143e-06	0.000136996229120545	chr2	152723090	152724940	chr2:152723090-152724940	747.85486	630.545584	560.472745	307.562743	330.457969	358.280293	281.495882	286.246767	251.81008
14793	-1.04798576317878	5.46729279662084	43.1503025932343	3.64663494466758e-06	0.000137593590721096	chr6	90427700	90429640	chr6:90427700-90429640	780.180083	701.491487	745.947668	398.941321	404.173428	317.94405	299.480333	323.223898	382.170405
1701	-2.14366447314803	3.82496885524802	43.1114992004976	3.66790306529725e-06	0.000137599165856497	chr10	95466240	95467740	chr10:95466240-95467740	333.658398	347.331534	314.296296	65.400256	89.131185	48.640736	70.373998	60.033521	79.504478
12433	-1.33145037903126	4.73118168700033	42.7550700103345	3.86984748777597e-06	0.000143250320357162	chr4	141410800	141412440	chr4:141410800-141412440	548.426924	394.754959	471.669032	237.257704	218.903907	214.533222	199.392904	140.730798	183.682919
17522	-1.35896348364379	5.02836753985459	42.7249285268664	3.88748407285805e-06	0.000143631145943309	chr8	95137060	95138610	chr8:95137060-95138610	708.271054	680.909871	469.196165	250.70086	227.732931	217.598024	181.017564	280.482646	212.194781
2970	-1.6156339119174	4.44839429880198	42.5273550834642	4.00532731141934e-06	0.000147150605830246	chr11	102777640	102779140	chr11:102777640-102779140	452.000248	396.462295	373.648358	223.814113	195.640101	132.872246	124.327402	94.400573	153.525895
1611	-1.13662374689218	6.19086118183809	42.6213151911333	4.41013473597295e-06	0.000159622376693688	chr10	81574020	81578160	chr10:81574020-81578160	906.192359	1041.425353	1287.760191	725.942585	732.669828	1032.527183	493.399628	465.912174	410.682138
3482	-2.1443151144479	3.77350184064264	41.6967850269477	4.54611058383516e-06	0.00016393677372889	chr12	31088330	31089830	chr12:31088330-31089830	248.463208	247.55187	354.763496	113.360435	99.782071	98.863308	54.735335	69.821604	54.28237
10525	-1.23640231836662	4.97615275409532	41.6604925370503	4.57152688607705e-06	0.000164247229758044	chr3	3507380	3509070	chr3:3507380-3509070	520.896022	429.658979	574.748467	273.045814	346.994923	323.381596	166.747245	211.857412	224.805972
13309	-1.15780454716878	5.36850890428242	41.4375838388204	4.7311437433071e-06	0.000167215559607481	chr5	92674400	92676140	chr5:92674400-92676140	845.377309	666.967665	765.282619	366.241548	238.804261	258.23067	300.262077	318.873762	331.725941
2429	-1.32939589427063	6.25008621372771	46.3295451652579	4.8955558987157e-06	0.000172092877770501	chr11	69833310	69835020	chr11:69833310-69835020	1510.777003	1493.372929	1605.879199	346.621239	477.748733	463.174029	623.786586	366.400353	725.273509
18984	-1.15668699246728	5.4946862344676	40.8566120553852	5.17708271619907e-06	0.000180046408697706	chr9	104336820	104338500	chr9:104336820-104338500	862.087807	722.92735	775.174458	406.208407	422.111858	273.060091	319.419328	278.198841	390.394803
11608	-2.07075295181392	4.08582682605363	40.8206642289005	5.20617365971315e-06	0.000180416071239527	chr4	89281540	89283040	chr4:89281540-89283040	489.80406	470.063783	244.152888	65.400263	90.812885	67.622508	107.906747	65.253829	93.760482
4186	-1.27445870648485	5.02061807018816	40.8255384943746	5.20221850343846e-06	0.000180416071239527	chr13	6689540	6691400	chr13:6689540-6691400	659.646328	569.843382	491.003535	288.487709	321.769117	202.471985	222.85096	186.625846	253.866161
4291	-2.6450550300363	4.0464488064516	42.2600820698423	5.23583894097685e-06	0.000181122959471491	chr13	40708260	40710540	chr13:40708260-40710540	365.435448	422.640284	383.990025	131.527191	72.594266	90.756515	25.8038	101.795984	46.057767
18688	-1.70240056872147	4.25202510725298	40.6128774132246	5.37793073059173e-06	0.000184172201288866	chr9	59538770	59540270	chr9:59538770-59540270	428.167499	335.190905	427.604673	127.530442	92.494611	133.860904	86.7946	135.292858	118.434252
10542	-2.70742147504949	3.87466410757063	40.60103950294	5.40835375758625e-06	0.00018459419734831	chr3	9110220	9111720	chr3:9110220-9111720	344.06806	368.766948	234.260865	130.800499	181.065205	49.827095	37.532801	35.2371	62.506967
16090	-1.17516362853353	5.47802119112135	40.5674107498174	5.41634838960608e-06	0.00018459419734831	chr7	99237850	99239520	chr7:99237850-99239520	606.639117	652.645441	746.622354	631.83948	463.17371	408.403866	245.331503	317.568549	264.009906
4390	-3.8269764376576	3.39380713208462	40.9841291262537	5.47144875694922e-06	0.000185658795060022	chr13	53117940	53119440	chr13:53117940-53119440	351.19058	356.247075	209.081205	52.320177	20.18065	4.745434	25.021868	18.27107	16.449205
2668	-1.65660091457555	4.29529475934603	39.9411922126162	5.97775422227276e-06	0.000201268537488522	chr11	88275340	88276840	chr11:88275340-88276840	328.7275	319.446157	424.457491	154.780593	178.262332	197.331107	124.3274	75.694478	117.337651
12182	-2.50280179248541	3.97079605457842	39.8942208169683	6.04488868438067e-06	0.00020265411549952	chr4	134453020	134454520	chr4:134453020-134454520	382.419678	318.687573	397.928816	69.760229	72.313977	132.872253	46.916	97.880756	34.54333
501	-1.10803952209007	5.77859378305753	39.7198224611702	6.19146343778441e-06	0.000206153582438665	chr1	104993260	104995120	chr1:104993260-104995120	849.76045	800.132869	784.61654	730.303236	566.739964	558.379408	260.383586	422.409876	369.010864
16378	-1.20373440695557	5.03567135135913	39.2902751514268	6.63082500609101e-06	0.000218918031662245	chr7	135852580	135854400	chr7:135852580-135854400	511.17119	549.735667	575.985075	342.261273	321.769187	249.926264	237.707574	248.399545	174.361643
8661	-1.50143685276312	4.54137773912091	38.6048936908655	7.40551386515533e-06	0.000241234614157435	chr19	41678340	41679840	chr19:41678340-41679840	499.117714	405.18844	418.612067	139.520497	245.531179	151.45856	121.9816	150.518799	162.847237
11222	-1.12285218821215	5.66182594835322	38.282374635283	7.80449010641935e-06	0.000252130180380109	chr3	154663310	154665000	chr3:154663310-154665000	993.989691	944.301003	808.559584	301.567815	436.686719	351.557512	355.388589	324.74654	498.274324
1168	-1.16093720630177	5.34255452575681	38.1270954877549	8.00506289927893e-06	0.000257757750191774	chr10	18742680	18744570	chr10:18742680-18744570	719.912973	632.822437	546.646569	401.121534	450.701257	415.719608	333.103291	207.833432	250.028192
8050	-1.27109814970993	5.69606799758772	38.8872551699154	8.39639157341101e-06	0.000265777165705919	chr18	45268120	45269740	chr18:45268120-45269740	902.357234	1003.106459	1004.938506	283.401078	340.828633	475.334197	293.224816	461.997149	367.365939
7507	-1.59758004805928	4.40637641084535	37.7733755089579	8.48372079404553e-06	0.000267442456321968	chr17	47729940	47731440	chr17:47729940-47731440	415.840253	264.814021	441.093916	204.194035	247.212878	155.413124	131.364799	109.626438	103.630003
8425	-1.1253482518349	7.13226696115535	46.1866826323618	8.88396706993204e-06	0.000278264641637535	chr19	5067560	5069620	chr19:5067560-5069620	2512.025954	2610.960617	2504.478394	896.709986	965.307772	1170.935245	1209.649179	747.809157	1309.906194
5217	-1.08877328201528	5.08419390638576	37.1901749689633	9.34402205254311e-06	0.00028942775121546	chr14	43531140	43533320	chr14:43531140-43533320	586.230442	504.967879	540.463786	388.041467	266.83293	315.571393	236.925761	241.004167	236.320272
1317	-1.06039637090074	5.73152722420931	37.0981100554887	9.4885005191785e-06	0.000291592362653056	chr10	59955780	59958660	chr10:59955780-59958660	976.594869	1002.347666	932.097722	278.677726	384.83358	392.289224	394.485167	519.202883	384.363448
3200	-1.87193683215944	4.15054459487809	36.9859937775329	9.66781228892245e-06	0.000296171459540736	chr11	116993600	116995100	chr11:116993600-116995100	368.174754	366.869926	354.314013	89.380326	138.461622	155.017597	121.981589	92.225414	61.958679
1117	-1.04057953766032	5.85296483132847	36.8560776741452	9.88032275174657e-06	0.000301265067367998	chr1	192770060	192771900	chr1:192770060-192771900	1064.803003	788.751894	945.811318	609.675652	512.083797	484.627513	443.35572	320.396226	506.635808
5198	-2.24691039812869	5.0554806134036	46.9875542731063	1.00006915216688e-05	0.000303269503614128	chr14	37097420	37099160	chr14:37097420-37099160	763.195632	612.335282	715.372687	237.620724	256.182087	298.962324	93.050068	234.043673	80.601092
6129	-1.33204054225101	4.65781774057923	36.7794343966896	1.0008126366391e-05	0.000303269503614128	chr15	85016400	85017980	chr15:85016400-85017980	487.06452	374.837239	434.349361	249.24746	216.381331	228.967252	121.981598	200.546711	156.267494
11820	-1.36887576125503	4.83836798522379	36.7609174189125	1.00392787948001e-05	0.000303742575920073	chr4	119496400	119497900	chr4:119496400-119497900	388.446252	507.24416	595.76901	238.347459	313.921155	222.244577	164.205989	223.603149	149.139479
1181	-3.44785007283602	3.68293193034931	38.8837898072175	1.05638796891075e-05	0.000317647736190163	chr10	21091360	21092860	chr10:21091360-21092860	167.651079	301.614918	492.802033	63.220219	91.934037	72.763366	17.984467	53.508108	9.869524
4208	-1.67282808855039	4.44159421903559	36.0843916923804	1.1254910268505e-05	0.000334820732416942	chr13	21243220	21244720	chr13:21243220-21244720	494.187104	496.621201	374.547651	111.9071	119.962701	158.576712	156.386668	76.999505	166.685268
15365	-1.39779392865097	4.75714775732508	36.0726105586529	1.12774821376412e-05	0.000334982353161394	chr7	4520760	4522610	chr7:4520760-4522610	525.005041	475.565137	514.946755	260.692655	137.901079	216.213873	191.182634	137.468048	208.082498
4717	-1.23131008047124	5.50567728987522	36.0415382778605	1.13980531825982e-05	0.000336518050534565	chr13	98360820	98363460	chr13:98360820-98363460	633.622202	697.508274	796.307117	445.811686	460.791527	547.899625	323.329272	327.139125	190.810883
10569	-1.40600234540721	4.45109545640975	35.5961279030684	1.22340097738008e-05	0.000357954672199006	chr3	27285420	27286920	chr3:27285420-27286920	487.612275	402.15308	302.605677	199.107376	190.034372	148.294974	147.785372	142.253321	128.30381
561	-1.16248380330758	5.25976083865738	35.5978154025377	1.22304667547345e-05	0.000357954672199006	chr1	128592550	128594050	chr1:128592550-128594050	645.401664	588.433672	531.920795	529.01537	415.945404	290.460089	232.234071	249.704636	252.769648
14630	-1.00563951982467	5.90254312848918	35.5222559219446	1.23902338215151e-05	0.000361792124276353	chr6	82938750	82940500	chr6:82938750-82940500	892.494966	819.29259	820.137974	823.498435	545.438239	728.91781	319.028558	424.911244	431.380801
1916	-1.59038932005994	4.22262047306637	35.3506752137745	1.27617277998471e-05	0.000370071171881321	chr11	3331600	3333100	chr11:3331600-3333100	341.876724	352.453173	367.803106	194.020749	147.99137	102.026921	96.177786	118.762008	113.499563
4752	-1.4174155814597	5.64168892376374	38.2060427642143	1.30182921215705e-05	0.000376394259639194	chr13	103335290	103336790	chr13:103335290-103336790	876.057947	852.678446	752.243002	448.718372	520.21212	567.276766	189.227865	417.406967	256.333594
2008	-1.32192463304035	4.87539346703901	35.1585730485272	1.31924285925878e-05	0.000378781298145361	chr11	22006400	22008180	chr11:22006400-22008180	512.814853	494.724293	519.780562	359.701433	220.305332	204.449132	162.642107	166.179688	241.803543
10577	-1.7485984654864	4.41307612618577	35.1218971492211	1.33203198845678e-05	0.000380784115419538	chr3	28742720	28744310	chr3:28742720-28744310	455.287568	348.279802	392.083338	187.48058	225.350448	151.260724	164.205934	62.643649	104.452463
4215	-1.27356858105613	5.20470712526806	34.7028236107003	1.42804226258202e-05	0.000402757374057224	chr13	23285440	23288160	chr13:23285440-23288160	574.176999	655.775306	726.613117	345.531156	256.742594	315.966845	303.390013	162.264489	290.328629
17144	-1.00649610567569	5.52561655794096	34.6629266420004	1.43803210831736e-05	0.000404407734633997	chr8	36455410	36456970	chr8:36455410-36456970	653.071845	745.880344	706.829599	513.028512	514.606323	386.752912	385.492969	274.936002	316.373222
17232	-1.1114956846726	5.03829855637845	34.3672088485973	1.51454817058873e-05	0.00042288348563081	chr8	55498220	55499730	chr8:55498220-55499730	553.768724	499.087308	501.007942	376.414645	350.078049	258.626173	266.834669	193.368796	209.316201
14839	-6.8040313636559	4.31403907020602	64.4985528212479	1.52647354332412e-05	0.000423190431266239	chr6	94746700	94749180	chr6:94746700-94749180	675.261162	636.236682	705.929829	6.540019	0	5.338614	16.420599	0	0
11660	-1.0877696444239	4.97893666962396	34.197916982189	1.56038425275984e-05	0.000430758618929252	chr4	106624660	106626160	chr4:106624660-106626160	479.942143	456.785266	542.262168	372.054708	275.801993	300.148712	229.888375	229.258437	188.069257
11485	-1.15600098139799	5.06224596288403	34.0843195373688	1.59200571207695e-05	0.00043546272104044	chr4	57138780	57140460	chr4:57138780-57140460	631.70445	520.902309	521.578983	310.287809	318.686149	273.257917	288.924126	166.614795	244.819141
3640	-1.11757401385128	5.4747752425735	34.072812437581	1.59524844341241e-05	0.00043546272104044	chr12	77788880	77791040	chr12:77788880-77791040	741.828667	762.76305	605.661059	534.82892	481.252182	318.734986	324.893128	248.39962	333.919274
4634	-1.70084327777113	4.25945957425856	33.9664513327023	1.62557166162802e-05	0.000440662942115391	chr13	75089260	75090760	chr13:75089260-75090760	381.323862	290.233243	383.540369	242.707588	129.492451	145.922129	103.2152	73.084294	126.658912
13361	-1.56942651514426	5.21159678035761	36.7650520780926	1.63714606022803e-05	0.000443165741319263	chr5	102480480	102482140	chr5:102480480-102482140	714.434002	673.037481	537.765662	440.361829	349.79786	312.407718	118.85384	293.207176	190.810804
15941	-1.0993052942419	5.24082521710646	33.8535269881307	1.658469789339e-05	0.000445258132316355	chr7	78581300	78582800	chr7:78581300-78582800	422.962676	608.541146	631.740169	395.30808	447.898195	438.55705	268.984989	208.377171	246.738195
2841	-1.22539945145079	4.98138162636342	33.686949132435	1.70835951737092e-05	0.000454903089468864	chr11	97337800	97339850	chr11:97337800-97339850	590.613959	576.767335	563.282581	287.760981	233.478799	178.34936	196.460657	186.299657	309.245291
14482	-1.1625166882039	5.89280795279026	34.5495965467821	1.8469853344681e-05	0.000486513859328558	chr6	51177840	51179420	chr6:51177840-51179420	880.441474	1114.647267	785.066175	830.946645	578.512292	461.493222	342.486506	443.725962	370.107394
1037	-1.28133204551085	4.78119695410056	33.1692059297193	1.87440169604532e-05	0.000491088219158254	chr1	184792560	184794180	chr1:184792560-184794180	534.729849	437.43632	465.374385	287.760967	262.348405	162.53117	152.476948	174.010212	225.354196
12422	-1.2941305181919	5.58113078390057	34.6433730914701	1.90839564695991e-05	0.000498657659356034	chr4	141238780	141240320	chr4:141238780-141240320	863.457437	667.346562	932.547332	553.722032	306.073028	445.675004	248.654667	287.116779	402.457495
1716	-1.13996287595674	5.43729785393927	32.8694313078197	1.97870388942086e-05	0.000512235331373918	chr10	107493000	107494620	chr10:107493000-107494620	729.227357	753.467982	520.230399	542.095378	514.886773	322.689413	259.601784	281.026458	306.50362
10353	-1.74950075214711	5.78580311142547	41.4048091870279	2.00531602514129e-05	0.000516388691849625	chr2	172738450	172740360	chr2:172738450-172740360	1030.012752	987.077171	1035.176805	510.666687	516.288044	510.331799	359.68904	129.311308	359.963719
8326	-2.72697984823814	4.63759697099725	43.0515972190642	2.04450918239782e-05	0.000523153592982724	chr18	80991380	80992890	chr18:80991380-80992890	515.280432	508.666715	612.293049	183.665678	180.92507	231.933139	25.8038	137.250543	66.20804
12434	-1.53682153620946	4.67029870149713	32.9511410085609	2.0654929045642e-05	0.000524286478178018	chr4	141420480	141421980	chr4:141420480-141421980	458.574712	478.031159	443.342039	180.94068	248.333995	244.785485	164.987894	78.739607	201.228673
8582	-1.40462071365803	4.42966615876176	32.6119436240781	2.07346480967412e-05	0.000525627363230618	chr19	25207250	25208830	chr19:25207250-25208830	371.461955	408.602799	383.0909	243.070793	140.984199	157.390381	118.462901	158.784348	131.593647
5758	-1.22937868841118	4.52932366013095	32.5691274891306	2.08970647977088e-05	0.000529058460454945	chr15	58733520	58735020	chr15:58733520-58735020	380.227969	347.900511	381.741635	233.987531	254.500309	209.194635	171.243362	114.846645	155.170875
14481	-1.85302559305665	5.88262529129977	43.1246475876961	2.14407303348423e-05	0.000542120406719913	chr6	51172280	51175620	chr6:51172280-51175620	1030.012851	1148.033269	1211.322252	577.702463	497.228641	490.361464	161.078228	457.211803	253.317886
7523	-2.30586694692258	3.85151931964229	31.8670135796909	2.37729258781921e-05	0.000583720899860885	chr17	48646940	48648440	chr17:48646940-48648440	405.978524	335.001242	208.631554	105.36705	121.083851	70.390655	77.411399	26.101523	75.666358
16330	-1.12249270819591	4.95823569798169	31.5192845728481	2.5358313352513e-05	0.000614409057592731	chr7	130324800	130326300	chr7:130324800-130326300	619.6514	497.000657	443.342159	281.221045	335.783472	206.030955	207.21224	230.128422	229.74065
17451	-1.17664847164068	5.43350067676419	31.6098920843048	2.54265483374036e-05	0.000615051840661576	chr8	90349020	90350520	chr8:90349020-90350520	648.688722	728.807731	624.096198	534.828427	447.337547	404.548294	185.318175	366.726376	271.960275
10531	-1.03925218538371	5.1680859692099	31.3892524381276	2.59811079089967e-05	0.000624601173531785	chr3	7612160	7613980	chr3:7612160-7613980	551.16615	515.969925	524.726633	441.088527	396.886097	344.043908	215.813452	298.427437	205.615154
11294	-1.40097265242697	4.56700221044882	31.3541595386509	2.61520904827765e-05	0.000627939322464211	chr4	33208480	33209980	chr4:33208480-33209980	515.006239	398.359296	373.198693	233.260858	216.381368	140.385876	158.73247	181.405582	111.854577
10712	-1.30063182790447	4.53277126699852	30.7797730639681	2.91363908616617e-05	0.000684896652199191	chr3	67581960	67583460	chr3:67581960-67583460	376.94083	415.43192	299.008589	274.681092	253.939778	216.31279	103.215199	168.789872	140.366575
2766	-1.49413942195106	4.35141475655557	30.7195076854368	2.9470871967899e-05	0.000689830170793517	chr11	95591730	95593230	chr11:95591730-95593230	367.352835	336.708465	339.9256	204.19403	184.708929	211.369695	148.958288	67.428946	129.400422
3653	-1.08310547720379	5.47257337161338	30.6683689199135	2.97580526496931e-05	0.000694058638470468	chr12	80024820	80026360	chr12:80024820-80026360	927.011384	683.281067	702.78248	319.007706	429.399164	302.521464	380.019461	251.879703	386.556644
3338	-1.12803198543376	4.95118802197875	30.6473204253476	2.98771585961287e-05	0.000696006036664285	chr11	119158040	119161600	chr11:119158040-119161600	516.102147	509.899999	408.270395	360.064544	374.743334	234.701383	172.807227	203.15686	236.046256
2477	-1.15950818853845	5.36784716901287	30.496672762328	3.08333222050288e-05	0.000710657172756235	chr11	73328900	73331040	chr11:73328900-73331040	677.726091	622.957944	659.167561	486.141826	385.674434	385.171004	192.355574	237.52386	390.943204
7704	-1.14953300262625	5.33534241736459	30.4942445280781	3.07594923215309e-05	0.000710657172756235	chr17	83322030	83325000	chr17:83322030-83325000	640.470658	561.212314	596.668387	514.481309	442.572566	413.742543	297.721051	156.500343	302.939666
4218	-2.53870222914668	3.53696477549579	30.293220675785	3.19625606926403e-05	0.000732225543671	chr13	23463560	23465060	chr13:23463560-23465060	290.375886	316.031743	215.825786	86.47368	80.722574	26.890812	63.336601	28.711694	39.478089
4273	-1.40967667389104	4.39757448491313	30.1586862331455	3.27969363443563e-05	0.000741916806539865	chr13	37542220	37543920	chr13:37542220-37543920	398.308142	335.001195	308.001336	248.520963	262.348448	136.826762	122.76349	109.191356	133.238602
17266	-1.58229238016703	4.78799522714376	31.8229483336943	3.35920856727898e-05	0.000755532007450721	chr8	69138290	69139830	chr8:69138290-69139830	522.950736	448.249109	691.541498	165.680546	180.504619	210.183246	90.313299	191.846185	236.594549
3781	-1.18715899284492	4.57784574671622	29.7623920725262	3.53989974264083e-05	0.00078801071150245	chr12	99563040	99564560	chr12:99563040-99564560	459.944454	415.432029	306.202767	234.714205	246.091909	187.840037	155.213633	148.343709	180.118932
8988	-1.22295755102609	5.55753809548295	30.9748893889728	3.5712641558182e-05	0.000793185885516667	chr2	22617380	22618990	chr2:22617380-22618990	682.931236	757.546805	784.054896	413.656634	610.324294	460.010569	195.092301	394.677007	297.319495
18393	-1.03250006340701	4.73872531018698	29.6090889382193	3.64665645295648e-05	0.000805354806474964	chr9	35573800	35575300	chr9:35573800-35575300	452.548328	355.867625	376.34611	307.381209	272.438667	287.098786	189.227774	179.665504	169.975191
18245	-1.13087127872233	5.22959507035543	29.3256212891565	3.85362739892501e-05	0.000840497767192743	chr8	126475560	126477260	chr8:126475560-126477260	632.800418	635.857331	581.830164	248.520809	317.845072	466.634192	266.639132	241.439138	279.636595
5020	-1.10582944097124	4.83573170572003	29.3206285913531	3.8573880643228e-05	0.000840497767192743	chr14	8000640	8003760	chr14:8000640-8003760	591.435764	595.452362	504.717799	133.707164	165.369146	120.020065	186.881906	241.004166	305.955394
6778	-1.97887813242024	3.83544954962113	28.9679347474818	4.13368006024303e-05	0.000886012839652997	chr16	43603240	43604740	chr16:43603240-43604740	309.551637	377.872256	299.458277	85.020319	77.359131	35.986234	82.102957	97.445697	52.637458
4567	-1.43123066298088	4.83712960090399	29.9140179304723	4.19667878413422e-05	0.00089643810749621	chr13	63568660	63570160	chr13:63568660-63570160	491.447691	493.965496	519.330881	165.680564	239.364973	368.166696	178.280718	206.202095	133.786864
17519	-1.70175393970677	4.0790190331016	28.588081220851	4.45614112166091e-05	0.000931500301848796	chr8	94973160	94974660	chr8:94973160-94974660	305.716555	239.394967	399.27761	115.540399	139.022208	182.69933	63.3366	113.541675	93.212156
4225	-1.48314554259821	4.33592864455451	28.578082382057	4.46499932408519e-05	0.000932354826808174	chr13	24604160	24605820	chr13:24604160-24605820	341.328841	383.183772	441.543579	138.793872	158.08169	137.617698	92.268133	189.2361	105.823243
13946	-1.0419573343865	4.68644813076424	28.5473256591819	4.49237052670122e-05	0.000933085886762756	chr5	127234710	127236210	chr5:127234710-127236210	401.869311	488.464322	362.182554	236.894253	243.849425	216.312748	197.047161	177.92544	191.907502
3711	-1.45712831026622	4.15917705469266	27.8154998906642	5.20207258296557e-05	0.00104678160096303	chr12	85485440	85486940	chr12:85485440-85486940	417.484108	375.216598	238.757232	124.98703	141.264503	111.517734	100.8694	127.027459	121.724194
25	-1.13856887516801	4.90555802195721	27.7005723991586	5.32447619574989e-05	0.00106190701271359	chr1	14918060	14919640	chr1:14918060-14919640	476.654883	479.169163	471.66934	385.861427	281.407871	227.385481	213.467693	147.038574	245.093285
4333	-1.02002493564771	5.943392058168	28.2365786284395	5.61798643931788e-05	0.001110615747292	chr13	47122080	47123760	chr13:47122080-47123760	1157.668514	1061.532738	707.504066	602.772736	537.870131	618.092513	519.203266	329.966823	497.04064
10842	-1.00735016737958	4.78059968492668	27.4210419259228	5.63579511152976e-05	0.00111264258035201	chr3	92023900	92025540	chr3:92023900-92025540	381.323823	460.958719	436.822228	263.781109	258.985122	282.3533	222.850799	199.241678	169.975314
8602	-1.58753304785834	3.99070324657251	26.8788297305045	6.29914918397654e-05	0.00121178022441753	chr19	29366700	29368200	chr19:29366700-29368200	338.58929	340.31254	283.271317	126.440505	72.313967	107.563251	79.757199	120.937083	97.050314
1545	-1.00180006540547	4.96627263967773	26.7863708530685	6.42072073104328e-05	0.00122671541239727	chr10	80186040	80187580	chr10:80186040-80187580	507.336052	473.478657	497.298655	297.934332	250.015754	337.716766	253.346279	248.399465	184.231099
1522	-1.11277051711851	4.61472238748192	26.7780368008434	6.43180664256236e-05	0.00122763340653205	chr10	78787030	78788700	chr10:78787030-78788700	408.032839	441.0407	408.382959	244.160953	212.317159	148.393744	164.010462	200.873001	176.417788
8446	-1.04162805311485	4.70037131901106	26.7177292972187	6.51266532037408e-05	0.00123822999695245	chr19	6183900	6185580	chr19:6183900-6185580	418.031671	386.977466	438.396164	223.450849	249.174888	257.835322	150.131187	217.94776	194.374865
10343	-1.6373641452283	4.02630146453035	26.6489921161341	6.60620931193972e-05	0.00125170602348634	chr2	172622940	172624440	chr2:172622940-172624440	327.083956	341.450839	341.724165	135.160508	55.496775	105.585993	102.433254	90.050293	110.209651
6714	-1.05997878226276	5.18446142944508	26.6468404815593	6.60916150543825e-05	0.00125170602348634	chr16	34093520	34096680	chr16:34093520-34096680	731.419027	613.283522	629.491999	288.124374	290.937731	165.101595	316.682612	237.523844	328.984269
8660	-1.15431290460297	4.97654642373485	26.4843658903311	6.83638976671568e-05	0.00128601768999478	chr19	41675740	41677340	chr19:41675740-41677340	560.206297	500.415175	616.002658	267.777714	277.203526	180.524344	301.435206	158.131797	242.900008
14526	-1.26621628906311	4.4011261640436	26.2031743083502	7.25049523889144e-05	0.00134834376255122	chr6	54688360	54690020	chr6:54688360-54690020	393.377389	306.167578	347.569467	188.934036	233.759126	185.072035	98.5236	129.202566	178.748091
8955	-1.28097272042733	4.44182620310241	26.1621153329016	7.31326619722737e-05	0.00135872421886701	chr2	11534760	11536410	chr2:11534760-11536410	398.171071	379.389805	335.654057	189.842253	256.322291	140.286929	109.0797	153.999011	163.943848
17240	-1.06034923088425	4.65948404146695	26.127628526406	7.36645735684266e-05	0.0013660095734297	chr8	57313680	57315200	chr8:57313680-57315200	398.30794	326.844244	375.896351	319.371323	245.251055	289.66916	133.710597	178.577937	179.570579
4414	-1.99897785484513	3.47449379607338	26.092158162443	7.42161527452171e-05	0.00137233179319325	chr13	54171360	54172860	chr13:54171360-54172860	231.75287	177.175042	266.634729	79.206962	77.359135	96.095127	46.134067	67.863951	42.767939
8587	-1.04504378790697	5.25007751098279	26.025197963195	7.5269991197985e-05	0.00138918978089199	chr19	25602580	25604190	chr19:25602580-25604190	717.03706	810.851166	684.909536	231.444172	208.112865	141.473344	368.290401	238.828976	394.644095
10585	-1.04906390283832	4.79543457043073	25.9155154310311	7.70323955163836e-05	0.00141238102285902	chr3	30516180	30517680	chr3:30516180-30517680	364.339624	383.942538	448.287969	321.914577	309.436657	321.107493	136.838175	222.733039	178.748099
8286	-3.41696541759013	2.83983673583065	25.8878833184362	7.74836080085114e-05	0.00141799355667262	chr18	80105240	80106740	chr18:80105240-80106740	254.215968	156.308556	179.405109	21.80007	33.073838	10.677227	35.187	9.135532	6.579682
295	-1.00314019281356	5.07309995075995	25.5943350341632	8.24631191512555e-05	0.00149373648175282	chr1	82282660	82284300	chr1:82282660-82284300	567.87683	541.38925	492.352597	385.49826	304.111137	257.637626	185.709128	264.930552	294.715261
1998	-1.14102341314104	4.7681455756873	25.5517531313883	8.32145991009723e-05	0.00150186702367821	chr11	19713100	19714620	chr11:19713100-19714620	451.726422	378.63112	409.844276	279.041093	333.261173	271.082974	121.590605	232.956179	168.330274
8287	-1.86984472869575	3.85227739542369	25.4935757249313	8.42536620091154e-05	0.00151325142006194	chr18	80109060	80110560	chr18:80109060-80110560	365.983313	314.134701	277.425922	93.740368	102.584933	34.008952	93.832	75.694448	74.021419
1942	-2.16852159517674	5.68796874038143	37.6426709920249	8.46242372321441e-05	0.00151463435595445	chr11	4236940	4238700	chr11:4236940-4238700	876.880646	809.23846	1309.118591	458.164897	431.921794	573.010956	144.657667	341.712493	131.045325
3065	-2.17796656897012	3.53956731597897	25.3447903090622	8.69773443009461e-05	0.00154542926760181	chr11	110379300	110380800	chr11:110379300-110380800	308.455972	249.259063	232.462345	45.780159	104.266649	45.08164	65.6824	31.321824	65.79681
2171	-1.27365312343464	4.30499680705478	25.3356941586675	8.71470122436415e-05	0.00154703756067391	chr11	50230220	50231720	chr11:50230220-50231720	395.020808	459.820483	280.573519	122.080451	114.356975	140.385902	164.98793	136.162964	135.980092
12853	-4.34704463023999	3.66252142509573	31.5767793473148	8.90412968906078e-05	0.00157351912091042	chr5	21675060	21676560	chr5:21675060-21676560	309.551726	329.31035	270.681479	81.386975	124.447293	90.95424	0	3.915228	37.833172
18363	-2.09766693761364	3.93620538910177	25.6155159563322	8.98761819954403e-05	0.0015825988123594	chr9	31682690	31684190	chr9:31682690-31684190	342.424481	300.09731	361.732919	120.627071	89.411462	80.672425	92.659101	22.186286	104.726625
18895	-1.56357660051293	4.88186121435173	28.0094226852239	9.06274549268255e-05	0.00159147673544008	chr9	96436540	96438040	chr9:96436540-96438040	741.828401	627.890013	637.585385	55.226875	88.570599	175.581178	204.084547	210.117248	218.226215
10727	-1.5333075707549	4.24961010532188	25.0843858288908	9.19835285683075e-05	0.00160950587812674	chr3	79843140	79844640	chr3:79843140-79844640	423.784537	380.907419	361.508179	169.313983	80.16199	92.53606	124.327386	83.95993	168.330248
6299	-1.09939616597554	4.71462016523327	24.9963862457515	9.37471835879979e-05	0.00162581073933223	chr15	97172700	97174380	chr15:97172700-97174380	503.501131	401.773978	396.130159	189.660699	272.43873	239.64445	194.701291	142.253345	230.014863
6042	-1.33742232891291	4.57354043294149	24.991317217663	9.40674003414787e-05	0.00162847417154491	chr15	82928780	82930280	chr15:82928780-82930280	483.777395	424.1578	348.46871	213.640859	242.728262	160.15856	195.483292	88.745128	179.844656
644	-1.00202070112783	5.38887247875921	24.87156178094	9.63138124559932e-05	0.0016600118734148	chr1	133887000	133888500	chr1:133887000-133888500	637.731134	729.566371	659.16773	350.981191	414.263696	371.330166	426.153397	224.473115	292.247712
6861	-1.17751569317392	4.69492162054667	24.8601055392864	9.65532677321153e-05	0.00166267279103453	chr16	87665080	87666820	chr16:87665080-87666820	475.559082	400.635679	425.806098	194.747364	299.346154	203.262799	173.58915	127.027448	237.417021
10302	-1.09740123779526	5.09584654824615	24.8045835349212	9.77232055098945e-05	0.00167397024688071	chr2	170093640	170095360	chr2:170093640-170095360	577.46493	492.637737	472.793389	364.424653	338.586294	406.525309	283.450577	138.555622	250.850522
19528	-1.58973289713588	3.96729394944148	24.7844773346372	9.81507620184286e-05	0.00167771710775222	chrX	169878800	169880320	chrX:169878800-169880320	322.700853	278.661778	285.968947	179.487355	87.449455	104.399594	84.448802	107.233773	82.246072
8799	-1.01404705241281	5.50711689739589	24.7494508764645	0.00010118425171035	0.00171959122346736	chr19	46308290	46311060	chr19:46308290-46311060	920.163065	882.27061	790.124824	279.767587	311.818929	152.150544	448.829266	355.850815	391.080239
15263	-2.445325400074	3.36414847479359	24.6028852836775	0.000102108089601174	0.00172788104870558	chr6	135064740	135066240	chr6:135064740-135066240	298.594267	321.343194	89.477751	78.480258	60.541936	43.895298	37.532801	39.15231	44.412855
4271	-1.08431527857714	4.67321156097548	24.5237703774517	0.00010388750481888	0.00174740213570139	chr13	37459080	37461320	chr13:37459080-37461320	391.459551	402.532551	349.367955	248.884262	327.935486	253.287609	166.160833	204.679478	129.948731
13896	-1.74409861803344	3.89726460052779	24.4608955066713	0.000105326297587383	0.00176552528846089	chr5	124059000	124060500	chr5:124059000-124060500	277.774757	271.263673	452.784654	47.960171	68.950547	81.463363	121.19967	62.208632	95.405403
5494	-1.73434935560566	4.16927536785869	24.3674917431916	0.000112096790581744	0.00185044913168934	chr14	79300840	79302340	chr14:79300840-79302340	424.05851	313.755357	180.754043	202.014056	253.379151	120.217769	89.140399	58.728429	109.661343
7992	-2.08146169091626	4.5017362968468	28.3186627252228	0.000112668201773056	0.00185831223937078	chr18	37813780	37816390	chr18:37813780-37816390	464.875442	430.228058	331.944455	226.539232	248.333995	238.853588	110.839049	128.985098	27.963655
8214	-1.24712165145744	4.34393567106759	24.0484048725903	0.000115334526919831	0.00189429691483033	chr18	75415000	75416500	chr18:75415000-75416500	373.653793	349.797532	268.433302	207.827453	169.853735	217.499158	112.598401	106.14619	171.620092
6588	-1.02186916590987	5.21888402810545	23.9681376195708	0.000117402718946661	0.00192503032031249	chr16	14704720	14707720	chr16:14704720-14707720	646.771377	566.998188	517.082642	446.901429	348.676657	316.757773	202.520613	349.542994	240.158572
11348	-1.07239968436177	6.39373005710687	27.6065386689624	0.000118976144000971	0.00194593199539663	chr4	43424710	43426860	chr4:43424710-43426860	1594.602172	1647.974445	1182.095753	627.478824	721.318056	586.159974	795.811718	409.685241	759.679835
7147	-1.79967138423007	4.35795217711917	25.400009164643	0.000121907456194974	0.00197897112236775	chr17	23535110	23536760	chr17:23535110-23536760	467.203843	408.507917	514.946782	104.640379	87.869887	91.053099	187.663947	44.698892	140.640718
9779	-1.05751565539131	5.01751610656804	23.7625963066119	0.000122889635834787	0.00198666495648546	chr2	131952450	131954060	chr2:131952450-131954060	540.756437	475.944646	498.085343	253.425923	325.552996	384.874486	190.596237	296.143583	189.302932
13243	-1.14778300167834	4.33343814836071	23.1857498428774	0.000139876494831575	0.00220474684797027	chr5	75066490	75067990	chr5:75066490-75067990	341.054796	348.090057	235.834625	219.817486	227.032205	194.562775	117.289972	131.812714	139.818326
11613	-1.10120042392196	5.04993300430361	23.2422535237815	0.00014107442954334	0.00221125998943533	chr4	91374130	91377290	chr4:91374130-91377290	578.012456	526.972559	460.428272	340.807905	335.783585	311.616838	138.402173	307.997921	232.482398
1377	-1.00862980657455	5.14651257367473	23.095493463897	0.000142763824811975	0.00223047078812953	chr10	62135400	62136900	chr10:62135400-62136900	630.608657	643.065718	661.865662	297.207592	196.200678	183.490204	274.458466	378.03717	241.255097
8925	-1.01028269467307	4.89929659326873	23.001616828495	0.000145837594211354	0.00226581540449994	chr2	6127830	6129330	chr2:6127830-6129330	511.993262	588.623421	527.424077	131.163869	250.85661	187.247092	243.572114	251.662212	257.978547
8764	-1.26581985277651	5.26027148977243	24.2222650166081	0.000164341385128749	0.00248610864732307	chr19	45044800	45048320	chr19:45044800-45048320	661.290068	647.807997	923.55461	235.804212	197.882404	274.246642	331.148583	161.176928	376.412963
4292	-1.94315674477972	6.4672241061558	36.7142566281264	0.000165883971164509	0.00250556585503116	chr13	40727680	40730500	chr13:40727680-40730500	1607.477111	1626.064537	1735.149487	764.456523	736.593665	1043.204659	279.149867	642.532699	276.346823
3396	-3.11620445431112	2.97761446647201	22.418471678684	0.000166665456303998	0.00251348483291793	chr12	4873520	4875020	chr12:4873520-4875020	244.90199	201.455975	115.556631	74.120245	38.679566	35.590768	7.0374	9.135532	44.412849
2150	-1.5567894217243	3.89412199075349	22.3372741111865	0.000169819935348042	0.00255514290714202	chr11	45991080	45992580	chr11:45991080-45992580	308.456028	256.088196	256.292956	93.740345	159.763417	118.635905	58.645	91.355338	110.209718
2672	-1.05337971495971	5.49999362609091	22.9446425002789	0.000172573044497198	0.00258462847103275	chr11	89186280	89188660	chr11:89186280-89188660	788.94586	863.870557	639.833316	448.355194	447.898109	239.249007	279.149971	412.404121	336.66063
7553	-1.42202250439917	4.77505621108276	23.4248649991944	0.000186721464713935	0.00273344762700944	chr17	50292470	50294260	chr17:50292470-50294260	627.86974	451.758439	268.320921	340.444653	341.809614	175.581088	150.131175	137.250509	181.35249
7828	-1.30136740863078	5.40358769516092	24.3495594469643	0.000187370239767084	0.00273591257958752	chr18	25533270	25535640	chr18:25533270-25535640	605.954514	554.288439	920.519625	460.5266	361.149397	449.234365	162.446607	364.442659	258.663906
2556	-2.75856002607102	4.65938573218532	31.4652514668727	0.000188742861533288	0.00275091665075923	chr11	79652360	79654000	chr11:79652360-79654000	733.884051	571.7405	687.270345	53.410194	106.508949	122.985913	157.168599	27.841621	89.374
8069	-1.17670396723199	5.13971403899909	22.7638092515369	0.000189536014042077	0.00275423087176398	chr18	50052740	50054460	chr18:50052740-50054460	745.115566	577.24157	484.483849	337.174975	396.886198	182.896949	278.759006	193.803892	272.50868
1214	-1.51364117450136	3.8369663900125	21.7112862338472	0.000196498406105066	0.00283480584181719	chr10	39589660	39591160	chr10:39589660-39591160	346.807401	284.16292	232.012744	91.560343	110.993545	61.295232	103.215201	87.440107	90.470642
17645	-1.69520479332188	3.98477238277407	21.507614462532	0.000206161214371888	0.00292700442554994	chr8	106864820	106867740	chr8:106864820-106867740	343.246322	227.064758	420.635314	59.58691	114.07668	113.495055	55.517268	107.886275	121.998282
18563	-1.43365978039236	4.22341396731045	21.4992497182679	0.000206569230349923	0.00292777056358901	chr9	47367520	47369020	chr9:47367520-47369020	322.152963	341.830175	228.865271	196.927424	168.172013	243.203574	92.268133	146.603591	67.441733
8841	-1.03110012122149	5.07531766006336	21.4753674099302	0.000208145322711354	0.00294255894842743	chr19	54114280	54115900	chr19:54114280-54115900	551.166339	470.064038	491.003632	368.42123	367.736192	342.066619	258.037934	134.422861	299.375764
15845	-1.6454192354905	3.99494703408144	21.1963252140924	0.000221969473282405	0.00309495305443061	chr7	62230620	62232120	chr7:62230620-62232120	365.983387	250.017914	251.796775	191.840703	105.948371	133.267665	46.916	86.57008	125.562296
11195	-1.52304825330174	4.07767100460821	21.1748087426883	0.000223111068217718	0.00310149774417874	chr3	152114240	152115740	chr3:152114240-152115740	289.828109	301.614771	262.138424	237.620821	164.248027	110.726852	107.906798	54.378213	115.14449
11388	-3.10158683879287	3.64905556283617	23.7798806014398	0.000237595840926545	0.00325652925028704	chr4	45767560	45769060	chr4:45767560-45769060	296.950619	300.856073	466.72327	6.540019	36.997854	36.777129	25.8038	76.999503	11.514446
1643	-1.166457705117	5.30513286127789	22.0958689390157	0.00023880398840643	0.00326621690231188	chr10	86908140	86910060	chr10:86908140-86910060	709.229571	600.573996	575.085551	416.38154	507.319151	275.828384	324.502119	157.044179	302.391381
5470	-1.05058717095233	4.55163434371796	20.8153282399894	0.000243185214273794	0.00330532337481315	chr14	75178390	75179890	chr14:75178390-75179890	393.103198	420.932981	320.81609	250.700947	193.958387	199.506062	173.198207	124.852372	213.839688
2483	-1.0526381010935	4.46009229549525	20.7988420560071	0.000244152954214877	0.00331156800147799	chr11	74525910	74527410	chr11:74525910-74527410	347.081105	412.017404	361.957776	210.370725	149.953381	171.231116	129.409926	188.801121	185.601897
10586	-1.29968837630518	4.06775883060968	20.7408862190358	0.000247589183269137	0.00334198850405277	chr3	30562800	30564300	chr3:30562800-30564300	295.854815	309.582166	387.137452	102.46036	103.145514	81.858768	108.688732	162.264456	103.630015
4661	-1.29192874628305	4.31447329782709	20.7130875185553	0.000249256480525592	0.0033528684871801	chr13	84347480	84349050	chr13:84347480-84349050	329.960159	397.221201	220.996586	285.762834	157.240828	180.722052	105.560999	123.329718	132.004926
16521	-1.00192084893794	4.63205556611517	20.5021042530639	0.000262326452961456	0.00350216565787682	chr7	142283320	142284820	chr7:142283320-142284820	439.399116	428.7105	382.641031	172.947336	218.623612	206.821875	178.280745	247.094441	154.622554
4297	-1.10342090425689	5.13236466276094	21.0500376361799	0.000269393315370019	0.00357939656621823	chr13	40743920	40745640	chr13:40743920-40745640	555.823528	615.370313	717.171262	228.900891	237.402839	287.494215	384.710878	257.100123	174.361615
12849	-1.25436302145808	4.1065008301897	20.3454742626361	0.000272523596336049	0.00361361851451022	chr5	17573890	17575390	chr5:17573890-17575390	425.976	327.603053	257.866848	102.823687	115.478115	77.706549	119.635799	134.422905	140.64075
15979	-1.00569447412303	5.03622090551548	20.2881885210679	0.000276868890405381	0.0036514186659738	chr7	79577420	79579800	chr7:79577420-79579800	653.619957	505.347248	457.280817	183.84734	357.085218	309.639653	258.03792	234.913801	256.607847
6926	-2.04641925413909	4.10809865120337	21.8966776597496	0.000277625049545066	0.00365298675801838	chr16	92467980	92469480	chr16:92467980-92469480	277.22691	276.195786	419.511306	146.787179	104.266656	238.062612	39.878599	130.50761	47.702696
6889	-1.44119501290434	4.28503890745736	20.276127690954	0.000282277847728753	0.00369285176295748	chr16	90908880	90910380	chr16:90908880-90910380	378.58455	361.179127	336.77814	150.420616	156.399975	160.158515	121.981601	56.1183	193.552359
5075	-1.26526477470115	4.63097223964367	20.5192361195651	0.000288448928066705	0.00374600285652076	chr14	25453540	25455230	chr14:25453540-25455230	512.677739	413.155541	431.539007	107.002059	219.604614	228.472932	204.866531	118.000656	204.107248
14036	-1.1960504666262	4.33190416076761	19.990355792769	0.000297320221190365	0.0038433357957445	chr5	136622580	136624100	chr5:136622580-136624100	401.869505	280.938122	458.629734	117.720422	115.758407	147.503998	109.861633	173.575174	180.941335
6217	-1.01242672819857	4.38833333990522	19.9768468092364	0.000298311943817914	0.00385360670318647	chr15	88890450	88891950	chr15:88890450-88891950	351.190507	339.553692	322.614417	203.103885	166.490288	191.794676	145.830554	131.160167	192.044537
18443	-1.58395503815496	6.33282627881564	28.5900461301601	0.000302606654481441	0.00389471406788171	chr9	43204650	43206720	chr9:43204650-43206720	1520.226896	1393.593311	1231.218568	757.189757	862.021873	856.550605	563.773386	199.676748	528.979537
14236	-1.30994186516647	4.39564086579177	19.8327332035976	0.000309758751733891	0.00396479030952122	chr5	149319730	149321230	chr5:149319730-149321230	465.697406	432.504372	441.093839	73.030277	119.402127	64.261144	171.243401	95.92313	238.513596
10342	-1.09107085493756	5.07289215272622	20.3395170207969	0.000317619496334399	0.00404286940461068	chr2	172558300	172560960	chr2:172558300-172560960	695.806621	630.546043	598.017227	228.900829	162.566275	186.258431	347.178174	155.30404	341.595386
2871	-1.57011481339012	4.67644521173576	21.9809026190034	0.000329560754390183	0.00415297546393045	chr11	99144260	99145820	chr11:99144260-99145820	516.101958	560.927954	614.204342	52.683493	130.893895	149.283507	188.836899	105.05866	239.06182
19	-3.43359110630058	3.5489614693019	22.4141975128766	0.000336834362154907	0.00420940269542988	chr1	13104800	13106300	chr1:13104800-13106300	287.088608	204.870492	276.526771	104.640389	86.3283	118.635919	0	49.157905	16.449203
6832	-2.99667320522038	4.2225330355546	25.978500588844	0.00033825054776671	0.00421174265144176	chr16	78240280	78241780	chr16:78240280-78241780	395.568596	442.747907	499.546826	174.400665	114.356975	74.740645	9.3832	100.490888	45.509465
1581	-3.24517849900575	5.31254001915441	34.0009582917367	0.000344875029247384	0.00427259945604541	chr10	80935880	80937380	chr10:80935880-80937380	1044.257428	1075.569919	1002.690969	134.433866	176.580607	271.280683	112.5984	23.491374	172.716708
6962	-1.00061533124675	4.53920205598647	19.3044248934114	0.000352665918236429	0.00434606265569421	chr16	94178910	94180420	chr16:94178910-94180420	325.166151	292.414697	356.224879	274.499162	291.638281	252.002399	188.836858	108.103804	156.815777
16000	-1.41612238044364	4.04808473059164	19.2528755035744	0.00035726819792404	0.00438691811390196	chr7	81463440	81464940	chr7:81463440-81464940	415.840136	302.373714	351.166548	80.660285	47.088173	74.740661	77.411401	165.309733	129.94873
4389	-3.26949702132558	4.23290973450581	26.8120839370004	0.000357343043680908	0.00438691811390196	chr13	53109740	53111240	chr13:53109740-53111240	596.09233	634.339721	329.134291	85.020363	68.950536	34.404399	98.5236	9.135532	42.767926
4205	-1.32040480939607	3.99687170327616	19.223463855095	0.00035992401786868	0.00439669683077709	chr13	18124840	18126340	chr13:18124840-18126340	284.349294	227.633906	223.019893	169.313965	188.352654	175.581041	75.065586	123.982278	74.021421
11720	-1.3262216338108	4.48553389377391	19.5637948534146	0.000362445438801296	0.00442197010073117	chr4	110050460	110051970	chr4:110050460-110051970	398.993046	455.173078	242.803956	283.401025	259.405345	137.024451	173.589146	125.831089	107.194005
3712	-1.15885897461417	4.26014369889601	19.0096011191802	0.000379910776010582	0.0045863842601154	chr12	85487150	85488650	chr12:85487150-85488650	376.392752	353.970822	313.397037	146.06057	132.855898	125.754035	118.853839	109.626472	208.905089
497	-1.38718253786624	4.37396184148564	19.1335370379534	0.000395035545747949	0.0047194191574839	chr1	97976280	97977820	chr1:97976280-97977820	361.600178	359.661493	257.642167	244.160975	306.073164	136.035811	166.551747	76.564485	105.274892
12435	-1.23586778754146	4.13716175262458	18.6577157756298	0.000415547021401227	0.00489563986334357	chr4	141422360	141423860	chr4:141422360-141423860	240.518924	237.118614	366.903783	202.740753	163.126856	163.717558	96.959732	91.790402	146.397949
11392	-1.2907486016367	3.85127495960842	18.3991452045275	0.00044411049524498	0.00511499094258288	chr4	45848420	45849920	chr4:45848420-45849920	306.812329	316.031822	262.138394	74.120312	77.359131	53.781635	114.162265	119.19704	103.081708
19340	-1.00859642276522	4.46261837308348	18.3898608980067	0.000445176061157802	0.00512207690021048	chrX	53883180	53884700	chrX:53883180-53884700	334.206115	306.926394	296.760422	293.574392	227.032233	238.062642	120.417679	120.066988	195.197322
17449	-2.15064458544227	3.79863328129389	19.1881975989412	0.000462914648703416	0.00528485210800717	chr8	89272000	89273680	chr8:89272000-89273680	381.87172	262.15832	500.4459	6.540019	0	14.236304	72.719801	108.103839	58.120529
3660	-1.04994029440677	4.77184996975137	18.1731692816208	0.000471631373982438	0.00535309826044527	chr12	80997980	80999760	chr12:80997980-80999760	391.185799	360.420291	415.914012	241.980953	322.890198	382.402939	136.056401	244.4844	143.108152
7919	-1.07422662715108	5.04765576964265	18.4325800761821	0.000518419814253286	0.00574405627527238	chr18	36319580	36321520	chr18:36319580-36321520	657.454976	625.613667	370.950479	309.5612	287.013553	263.371656	335.449264	162.699497	233.578822
5257	-1.24430164270841	4.14217348919293	17.7994073462745	0.000519181007554816	0.0057460655264794	chr14	54813480	54814980	chr14:54813480-54814980	328.72753	261.778908	268.43322	132.980491	228.713929	158.181217	136.056386	76.999561	125.013934
10747	-1.01461546784868	4.5245718488346	17.639707384305	0.000541487045102394	0.00589038194304306	chr3	83286290	83287940	chr3:83286290-83287940	389.815966	298.105497	306.989902	295.57309	310.697967	170.637971	158.536757	161.394445	137.899348
10360	-1.01169429870468	6.12535630534711	19.8152246529393	0.000554493095194461	0.00599859717416197	chr2	172933280	172937040	chr2:172933280-172937040	1099.867428	1354.990634	1152.420101	567.529192	561.414064	492.536564	668.551957	305.387896	699.914348
7898	-1.08308123222974	4.31446932007402	17.2326637625219	0.000603334641881208	0.00634524268716077	chr18	35912380	35913880	chr18:35912380-35913880	387.898428	325.516577	327.785374	128.62051	211.336155	113.890452	147.785385	170.965035	138.173333
9261	-2.0382470831593	4.38696074858077	20.3454180467533	0.000618954011467007	0.00645197661553208	chr2	35587880	35589380	chr2:35587880-35589380	485.421062	444.265446	331.832127	165.680666	246.0917	103.608731	114.162267	28.71169	144.753027
9344	-2.67304611053443	3.82201706607027	19.6061403791423	0.00062712317344242	0.00650935869619336	chr2	62410980	62412480	chr2:62410980-62412480	402.691049	328.551578	260.339835	104.640402	110.993533	49.82709	77.411401	5.220304	62.506978
15328	-2.21031231953455	4.87403269902095	23.35059463609	0.000653758781931494	0.00671451150438836	chr6	145175670	145177380	chr6:145175670-145177380	404.745861	456.310964	832.952773	198.925721	158.081696	479.881883	145.439599	109.735194	85.124625
17235	-1.4192846289539	4.55407286293132	17.9529481578756	0.000681146370876544	0.00691944169375367	chr8	55517910	55519420	chr8:55517910-55519420	435.974738	346.952071	388.149214	267.959293	246.512175	197.924129	51.998567	162.047004	194.923211
2685	-1.06125034141004	6.59759905316094	20.8022401180639	0.000712329561803114	0.00717292281228674	chr11	90388930	90391700	chr11:90388930-90391700	1399.419979	1479.904882	1342.728725	1292.563684	1067.192167	962.433042	431.822391	925.081593	522.262853
10785	-1.01112133618999	4.67749794659472	16.5138296615627	0.000732773861327744	0.00731837767994418	chr3	87951620	87953120	chr3:87951620-87953120	459.12281	448.059345	659.617546	93.74037	63.905372	106.772368	199.392958	312.78325	210.549899
15219	-1.09939158139138	4.37027643819799	16.5175500532483	0.000732028785523796	0.00731837767994418	chr6	127114020	127115520	chr6:127114020-127115520	277.774724	326.275118	314.296266	228.900846	202.927553	250.717073	105.561	95.270623	200.680472
4782	-1.21266020054536	4.28822704878848	16.3820583139883	0.00075971729929955	0.00750312006812011	chr13	112985300	112986800	chr13:112985300-112986800	333.658436	297.820994	388.036842	187.48071	122.76557	172.417519	75.0656	175.315218	159.557431
10545	-1.1073535063593	4.29036214209759	16.3079798306529	0.000775348578630412	0.0075922785417492	chr3	9246280	9247780	chr3:9246280-9247780	348.45117	341.83021	352.065665	105.367042	184.989205	137.617698	197.04716	107.886346	145.849641
13192	-1.58276971265506	6.6440196835021	25.3235364268111	0.000776051503592576	0.00759535635338853	chr5	66150160	66152280	chr5:66150160-66152280	1725.54509	1803.808656	1732.452389	1007.527554	911.772793	1017.104768	398.785664	882.666652	346.255977
5221	-1.2824558405742	7.029442099826	23.8411147191442	0.000793273979882027	0.00769074401626698	chr14	44987940	44990340	chr14:44987940-44990340	2109.882254	2061.793924	1917.701782	1311.275549	1480.475425	1540.090997	690.837366	1143.246947	485.800104
12037	-1.00191962085661	4.23461721357734	16.216685169612	0.000795108558946244	0.00770257919499106	chr4	128876270	128877770	chr4:128876270-128877770	334.754239	344.10655	296.760364	138.067207	158.642262	119.822316	150.913134	118.979505	185.053614
1943	-1.42638434824318	5.18785997760688	19.0080858782401	0.000813474950965571	0.00781679838575323	chr11	4239200	4240700	chr11:4239200-4240700	534.182091	539.492386	785.515754	300.841047	321.769092	438.557053	119.6358	342.365017	180.392956
3066	-1.30981349483069	4.96359555368714	18.0018384999064	0.000819670985634589	0.0078493235738501	chr11	110395520	110397020	chr11:110395520-110397020	500.213572	631.30467	415.014926	380.047986	247.773425	293.426012	251.000521	90.050297	242.35169
6830	-3.23207682751209	5.07330591630626	26.9863052916513	0.000829082024666204	0.00789342373744923	chr16	78235820	78237400	chr16:78235820-78237400	882.085544	665.070362	812.943538	263.054377	207.972712	289.471496	32.8412	170.96499	27.963648
7990	-1.4284226598582	4.47469670371824	17.1274954925152	0.000828916483840898	0.00789342373744923	chr18	37765060	37766660	chr18:37765060-37766660	420.223423	380.907325	373.648319	257.241058	193.397844	146.515349	53.171468	166.832257	187.521149
17702	-1.23606212188742	3.97261130860218	15.9837598453652	0.000848119211997217	0.00800577749561888	chr8	110217180	110218680	chr8:110217180-110218680	367.079058	275.437013	194.692789	133.707163	142.946215	92.140551	103.215187	109.191386	118.434353
5726	-1.65838981194415	4.10204693149734	16.4509900046886	0.000912761501992851	0.00846296183892328	chr15	40114180	40115680	chr15:40114180-40115680	236.683818	265.572832	406.472	126.440456	184.989229	183.490217	49.261801	161.394454	55.927289
19407	-1.48549221360244	4.33118056059388	16.2793143141105	0.00100291043641133	0.00903535152805532	chrX	99521720	99523220	chrX:99521720-99523220	336.397933	379.010471	284.620363	361.881276	170.414319	96.490589	93.832001	93.965484	145.849612
987	-1.06280007350545	4.53020776041324	15.2316090589302	0.0010495388791115	0.00935396141916751	chr1	180919040	180920570	chr1:180919040-180920570	371.188363	340.691984	356.674645	224.904278	231.096499	244.686458	91.486146	236.327566	147.494637
8888	-1.86542262811615	3.64148718361176	15.0682191212627	0.00113945539039037	0.00989318106254685	chr19	58954610	58956110	chr19:58954610-58956110	175.869231	242.240422	306.202705	84.29364	113.796402	109.540492	23.458	117.891925	42.767929
18086	-1.09157555534873	4.61935958720644	15.1391127462645	0.00115929721994395	0.00997300826626845	chr8	121717300	121719910	chr8:121717300-121719910	444.877804	423.399032	393.544895	284.854363	206.991741	109.145102	136.838297	230.563481	183.545904
