regionID	logFC	logCPM	F	PValue	FDR	V1	V2	V3	V4	DMSO1	DMSO2	DMSO3	PDsiNanog1	PDsiNanog2	PDsiNanog3	t2i1	t2i2	t2i3
11331	3.57394562512134	5.078125828589	322.443861459439	6.49540621117549e-13	1.41058571552694e-09	chr4	41682400	41686940	chr4:41682400-41686940	49.309172	64.875648	70.143353	342.987923	311.118231	320.712282	612.253053	718.227183	720.475954
5651	3.65567332889332	4.90703266299824	197.853708860225	3.93356474246236e-11	2.40254759035709e-08	chr15	27994880	27996400	chr15:27994880-27996400	69.032772	46.095852	40.69212	360.791542	272.438637	229.75819	577.457426	754.769183	495.395459
12673	3.31729749374414	5.128481009805	192.985279116499	4.831772333163e-11	2.65673385926876e-08	chr4	153843400	153845180	chr4:153843400-153845180	60.814653	73.60161	32.373854	520.295155	548.240801	487.988647	464.468025	508.109854	581.753988
11329	3.80488346959878	4.76181439839942	185.723317780538	6.62622932857387e-11	3.15877200553601e-08	chr4	41675900	41678300	chr4:41675900-41678300	33.146717	52.355777	26.078913	393.128008	334.662348	260.010372	610.298367	402.616142	444.95147
2930	3.82691140874326	5.06639695076387	182.640654232661	7.68838857837943e-11	3.49464080847502e-08	chr11	101773120	101776140	chr11:101773120-101776140	16.436389	26.936659	13.489099	728.849492	665.961642	851.014522	204.866469	330.619353	219.871206
11330	3.32695584816074	4.75111813688236	166.972997742538	1.58309480328756e-10	6.44616415213655e-08	chr4	41679350	41681180	chr4:41679350-41681180	56.431596	40.594698	47.211885	455.985024	332.279906	252.991045	432.213412	366.073943	557.080123
10335	3.50892892368601	4.32018395708999	143.505677912204	5.38728026365079e-10	1.72613758611565e-07	chr2	172421880	172424360	chr2:172421880-172424360	40.54308	27.316056	31.249772	269.231034	296.263054	162.926646	314.337052	366.726496	373.945662
14641	1.70505752094357	6.13288782106754	137.005242444041	7.80762496293635e-10	2.13800377163877e-07	chr6	83425800	83428360	chr6:83425800-83428360	343.520167	465.511293	360.384133	619.849174	713.890323	675.630939	1138.493172	1143.899081	1275.636744
5652	2.55416996819471	4.92121288488273	129.08444598772	1.25413796389777e-09	3.03923055481223e-07	chr15	27998130	27999700	chr15:27998130-27999700	75.607387	84.983331	124.099722	386.951664	386.935972	255.660249	525.849447	488.533715	547.073588
5487	2.10107699971229	5.85241689757561	122.467491901526	1.91821395538479e-09	4.21252716381974e-07	chr14	78274500	78277360	chr14:78274500-78277360	312.839008	253.052969	191.545349	676.529122	630.084962	436.579848	1076.720316	901.807838	1050.556467
12674	2.37111990098899	4.92875419783617	120.565490869659	2.150689560118e-09	4.61925576401169e-07	chr4	153845200	153848150	chr4:153845200-153848150	106.562607	65.065306	80.822263	527.017001	498.35	362.827972	424.980436	371.837876	421.37412
5659	1.95151414151129	4.95986225703926	114.07577905553	3.31878197835239e-09	6.23707632374014e-07	chr15	28019560	28021500	chr15:28019560-28021500	129.847406	162.758204	166.815291	280.494255	308.875822	271.280703	590.359	542.0417	524.181668
5655	2.59041598948065	4.63049662078882	111.105396209675	4.07708792139906e-09	7.58920794511853e-07	chr15	28008120	28009640	chr15:28008120-28009640	74.511645	77.964598	100.943459	186.754069	285.612148	209.985583	586.449319	417.406966	419.180891
19077	2.10774012933059	4.94007134780746	108.405839454736	4.93619346269226e-09	8.64176072749469e-07	chr9	110857160	110858780	chr9:110857160-110858780	136.42196	114.196298	86.330263	380.047894	437.247285	390.707324	390.184372	484.183258	479.76907
11328	3.99263365999908	4.34136284723882	111.277587968609	6.25918666935131e-09	1.03674409705484e-06	chr4	41670320	41675680	chr4:41670320-41675680	23.010938	25.798509	19.334372	339.71788	344.192036	135.047282	341.313692	229.258422	450.160161
5649	2.90257164941817	4.28180482914668	103.830332966038	6.89157349240323e-09	1.12246503257518e-06	chr15	27990670	27992170	chr15:27990670-27992170	52.59646	40.784378	52.382661	269.957605	258.144033	146.71313	319.028559	367.161429	330.903384
17653	1.92812035696235	4.98313009485559	102.370245357238	7.6864387086548e-09	1.23140528328408e-06	chr8	108938900	108940620	chr8:108938900-108940620	133.956534	139.425774	144.558256	341.534413	437.807855	324.073651	570.028517	460.474541	451.531088
12670	2.04035424313015	5.22719575483131	101.871837681656	7.98069680547194e-09	1.26815218750365e-06	chr4	153820500	153822330	chr4:153820500-153822330	140.668079	146.728967	114.09532	659.816018	542.495081	390.311891	563.382278	487.554793	488.267565
5974	1.642702194298	5.473523719178	100.550748207101	8.82310172313263e-09	1.35785451321754e-06	chr15	79796140	79797810	chr15:79796140-79797810	262.982039	240.34344	286.531218	413.111373	429.259336	341.078182	848.983127	682.010989	768.315859
5648	3.14814934030511	3.96627750245432	99.8987980034889	9.27489935960734e-09	1.40525510064748e-06	chr15	27959440	27960940	chr15:27959440-27960940	37.803698	31.868756	28.776765	209.280768	196.761244	150.667656	290.879109	228.388377	297.730717
8569	1.40213427526671	6.51338540367833	97.5449341224267	1.11335856790462e-08	1.6118957933108e-06	chr19	24075140	24077160	chr19:24075140-24077160	519.937333	487.895237	638.034797	1131.424427	1108.254314	809.886825	1341.795715	1441.674719	1266.590145
14643	2.16324229528031	4.75958828184714	96.2753012273304	1.23056065484203e-08	1.76847852932996e-06	chr6	83435340	83436840	chr6:83435340-83436840	96.426812	100.1589	129.495434	323.367868	227.032205	332.77369	408.168918	492.448678	461.674857
16263	2.04875732632649	4.74791387635002	94.6972511591649	1.395776714965e-08	1.9347841059568e-06	chr7	124953880	124955480	chr7:124953880-124955480	105.740711	121.594448	147.705736	293.937631	255.621496	196.54009	502.39143	468.522414	476.479009
5656	2.11512500494579	5.42540261396878	93.9773018566375	1.59317639514388e-08	2.17187562668329e-06	chr15	28010640	28012370	chr15:28010640-28012370	233.807505	179.925605	142.984532	563.713661	425.895681	314.187269	712.535963	665.045459	873.727501
14642	2.06536539052851	5.029231031913	88.7566380209295	2.28020196839721e-08	2.76810853865364e-06	chr6	83431300	83433860	chr6:83431300-83433860	130.395293	116.093237	166.365668	257.967668	389.87885	429.857218	489.09901	535.298994	588.334012
14645	1.3579242117689	5.84325589884268	88.8164901292907	2.26864447504136e-08	2.76810853865364e-06	chr6	83445560	83447060	chr6:83445560-83447060	321.605103	368.387518	381.292185	616.215496	602.056068	644.19252	774.11325	862.655614	924.994943
17652	1.27853746328054	5.98516963654258	88.5373845155693	2.32310248544884e-08	2.79383988255129e-06	chr8	108698800	108700500	chr8:108698800-108700500	404.882736	384.132153	431.651499	712.136088	655.870934	715.374308	842.141203	914.858896	1005.046928
8166	3.1669866503556	4.18433887046715	85.2250891081465	3.0935467589857e-08	3.47844002306699e-06	chr18	65507960	65509460	chr18:65507960-65509460	31.22914	37.55958	21.58256	307.38128	288.134696	250.32171	171.243389	369.77175	216.032983
5650	2.79568749206218	4.26345913342804	82.7643743184139	3.85044346188939e-08	4.1123998613458e-06	chr15	27992760	27994260	chr15:27992760-27994260	67.389187	31.868729	63.398767	210.007501	181.625771	209.985533	257.255948	389.782857	407.940605
8019	4.70249796490138	4.16468003066953	93.1110495191099	4.36881674179663e-08	4.59078081819437e-06	chr18	38583260	38584950	chr18:38583260-38584950	9.861828	12.519864	9.442367	394.58137	278.604988	183.687884	169.093042	448.293816	159.283217
2932	5.76633781363774	3.81766045017443	81.3433043437327	4.40967353809111e-08	4.60893418727223e-06	chr11	101779840	101781340	chr11:101779840-101781340	0	0	5.395638	374.961331	348.116246	262.185384	86.7946	120.937106	85.535854
5658	2.08969755112861	4.36017447020599	80.4952867246517	4.73445902029064e-08	4.89603182812595e-06	chr15	28017900	28019400	chr15:28017900-28019400	90.400126	80.051273	98.470446	194.020699	214.139023	208.4038	397.221842	342.800169	326.791075
5245	2.96274616515276	4.56516566491448	83.4967383095511	6.4653517616488e-08	6.38208586774878e-06	chr14	52327280	52328930	chr14:52327280-52328930	54.240083	44.104061	74.077686	262.145981	211.896751	333.465592	321.37444	625.3491	302.665526
5492	2.08820434778544	4.57457243353154	76.6532347912459	6.79426490319025e-08	6.63036166280185e-06	chr14	78298340	78300250	chr14:78298340-78300250	94.920138	69.997403	112.971278	339.536138	289.816425	245.872854	365.553515	418.168267	316.099184
2931	4.97465439735489	4.2444101359578	84.1140833333243	8.95757227126187e-08	8.0818855253823e-06	chr11	101777540	101779040	chr11:101777540-101779040	0	6.829016	5.395637	382.22827	449.579872	507.761413	77.411399	186.625862	104.726621
5654	2.57201213414199	4.11171843920116	73.8586553647234	8.91986664124429e-08	8.0818855253823e-06	chr15	28004840	28006540	chr15:28004840-28006540	56.431597	68.290159	53.95639	124.987156	218.623607	129.313161	320.592454	348.0204	322.952949
12669	1.48263695691926	5.5682299616432	71.9137396991347	1.0834437377438e-07	9.28026457840895e-06	chr4	153816320	153818380	chr4:153816320-153818380	239.971072	298.20036	215.376135	597.322044	685.581325	510.925017	734.234497	620.781207	606.976351
17421	3.10968604602255	4.27604703081382	73.8085568805204	1.18026046297369e-07	9.90051105099601e-06	chr8	87942990	87945350	chr8:87942990-87945350	61.91041	54.632114	26.978198	278.314272	156.960556	106.376875	344.832413	429.370075	381.621908
17418	2.87241136018507	4.2072195773931	70.8333384762762	1.20926720830792e-07	1.01004818745207e-05	chr8	87741680	87743180	chr8:87741680-87743180	65.74558	64.116833	32.373827	196.927442	201.806407	88.976973	352.651758	375.862186	380.52535
8570	1.62628418624872	5.06651252460128	70.706295197521	1.22510082019443e-07	1.01891895875319e-05	chr19	24079960	24081500	chr19:24079960-24081500	158.337167	218.528496	177.606592	327.001271	376.144782	345.625833	609.907411	541.171735	442.483835
17122	2.14304071968233	4.4486898774507	69.3442539754427	1.41014205739234e-07	1.14361935733333e-05	chr8	34815560	34817480	chr8:34815560-34817480	100.535877	96.744386	60.251352	319.007908	224.509628	208.206081	376.109735	355.850908	327.887634
916	1.84016423692024	5.85543311267328	74.9122437898734	1.44829002982727e-07	1.16489006720057e-05	chr1	172495440	172497340	chr1:172495440-172497340	251.476543	184.004024	160.520358	1106.717724	1124.511035	621.651656	596.614269	671.67937	721.024149
14419	2.64314708464817	4.08674774995193	68.6214209170472	1.52082106653412e-07	1.21821507153317e-05	chr6	39735220	39736720	chr6:39735220-39736720	31.229142	26.936673	28.327118	413.474703	325.693162	240.039985	129.019002	202.286835	173.813314
10490	1.09311841235104	6.31031602370162	68.4902249208393	1.54192765564851e-07	1.22099721635238e-05	chr2	180569440	180571920	chr2:180569440-180571920	626.773542	599.625617	674.005968	632.565406	628.963774	738.508106	1305.826961	1091.696385	1385.572757
12672	4.00722715103089	4.54593238937266	88.869087754937	1.61089267066269e-07	1.26468805162459e-05	chr4	153835280	153838320	chr4:153835280-153838320	35.338243	22.004609	4.04673	437.455024	362.410707	383.193905	247.481799	376.07948	299.923933
8024	4.26920715348282	3.66244521633117	67.6906952981025	1.6778131696512e-07	1.30648838250329e-05	chr18	38620380	38621880	chr18:38620380-38621880	8.218191	4.552678	9.442367	310.287726	199.564141	226.199043	100.869399	221.427981	81.149411
14752	1.04203187269274	6.23990382472628	66.6033145575389	1.88447806048408e-07	1.42760169349462e-05	chr6	88544960	88547980	chr6:88544960-88547980	649.784648	560.358705	636.685825	620.575573	676.61224	629.165304	1047.78911	1204.585917	1293.456904
5643	1.73044516939473	4.62892515805853	65.5157441661239	2.11987972439313e-07	1.5694336823206e-05	chr15	27926560	27929440	chr15:27926560-27929440	153.132262	139.236056	114.207737	257.604279	244.409981	200.099187	439.055147	344.322735	476.479084
5646	2.13838409992818	4.293667883256	64.692974885837	2.31972545010739e-07	1.67302708200549e-05	chr15	27940960	27942460	chr15:27940960-27942460	96.426814	93.709258	71.492257	198.380788	202.927562	133.663168	379.237427	279.721344	417.810151
8571	1.69687400851682	4.49977856645549	64.7070835834237	2.31612684892968e-07	1.67302708200549e-05	chr19	24083000	24084620	chr19:24083000-24084620	101.90552	97.123776	119.603428	300.114538	287.574221	270.489699	302.607665	329.749225	331.177592
4315	1.74271718303307	4.81901020200181	64.0659109735101	2.48612184275274e-07	1.77133259751033e-05	chr13	43200010	43201920	chr13:43200010-43201920	183.402656	152.135252	119.153754	302.112647	285.472041	238.754686	495.549847	357.917172	568.320465
14639	2.12693520667697	4.76576110045251	64.7210587477729	2.57790977377541e-07	1.81241893987195e-05	chr6	83410990	83419460	chr6:83410990-83419460	128.340809	144.168108	66.995902	225.812527	321.208525	316.461188	375.327625	462.97595	546.9367
1607	1.94336259423747	4.62531806494328	63.7608323355071	2.57184290546399e-07	1.81241893987195e-05	chr10	81467980	81469480	chr10:81467980-81469480	98.61834	103.194006	173.110235	239.800895	228.153386	175.185805	458.212735	483.748304	401.360952
18275	1.28922707466169	5.87110723829204	63.6964370941072	2.59035371505565e-07	1.81464026382662e-05	chr9	14887420	14889160	chr9:14887420-14889160	353.929974	442.368446	472.118786	469.428017	539.271531	482.847852	858.562092	1126.716055	901.41756
10845	2.52923632831769	3.91090921036732	62.9077786535863	2.82949204390734e-07	1.94726838021721e-05	chr3	93013840	93015340	chr3:93013840-93015340	59.171001	39.456533	53.956416	137.340486	145.74909	166.090193	258.819744	321.483881	240.158551
19078	2.17561504933222	4.35266007318414	61.1415114308676	3.45934778904634e-07	2.30760930160105e-05	chr9	110860690	110862190	chr9:110860690-110862190	93.13949	104.521847	60.476147	272.501053	159.483124	167.078914	370.245233	330.401884	388.201477
518	1.68862698343136	4.8886764625297	60.6683359610497	3.65354775285679e-07	2.42886363365939e-05	chr1	119412840	119415740	chr1:119412840-119415740	131.491055	142.271126	146.132011	424.374793	389.598455	312.012383	476.196947	288.421849	501.152867
11148	2.59457288467328	4.57446844389853	65.1297882366122	3.77215109242755e-07	2.49920993564395e-05	chr3	144197840	144199570	chr3:144197840-144199570	67.389129	90.010196	29.676012	405.481595	351.199247	242.017051	302.60801	412.295575	338.853868
8023	2.90855964904812	4.4249490914123	64.1836766704938	4.14051036738411e-07	2.68858056912034e-05	chr18	38616640	38618160	chr18:38616640-38618160	37.803704	43.250431	12.140191	458.528467	499.751062	281.95796	181.017513	262.320369	210.275767
11327	3.14517340389239	3.93824785101643	58.897074540581	4.49591818129453e-07	2.86230361085999e-05	chr4	41658080	41659580	chr4:41658080-41659580	12.053348	29.592391	35.071651	343.714335	220.305329	153.040393	187.663974	244.919335	202.873581
11918	1.10568016177628	6.26675337269327	58.7215564726333	4.5905201618088e-07	2.8665085163755e-05	chr4	124662500	124665640	chr4:124662500-124665640	554.179959	529.628228	732.458905	683.069338	616.070279	686.901254	1280.022846	1248.088473	1110.870848
17123	2.90900337422642	3.97550918941779	58.7940742695108	4.551168276943e-07	2.8665085163755e-05	chr8	34817760	34819260	chr8:34817760-34819260	64.101923	36.421419	20.233659	228.900879	146.30965	143.153964	278.368094	297.557429	269.767245
8500	1.17244288805336	5.91848420508529	58.7672171493483	4.5656984298683e-07	2.8665085163755e-05	chr19	10261260	10263960	chr19:10261260-10263960	440.494841	437.815952	466.273546	473.788458	634.008842	554.02932	1079.848434	850.910585	892.644127
16262	1.54727556468799	4.70392874300751	58.1060482603843	4.94018541528629e-07	2.97095150590063e-05	chr7	123986400	123987910	chr7:123986400-123987910	95.604983	118.369597	100.044212	469.791804	425.895908	375.581344	262.729548	318.003664	274.701861
5647	2.31655424314035	4.37076910673364	57.4786688316404	5.32734995340001e-07	3.1648344935928e-05	chr15	27943460	27945160	chr15:27943460-27945160	88.20861	88.018441	53.506757	271.774387	263.469481	132.476767	429.281002	274.501105	364.624262
1608	1.26849823801252	5.50591330156333	56.5272460071871	5.98050566193423e-07	3.48922337798521e-05	chr10	81470480	81474740	chr10:81470480-81474740	329.823154	314.514195	309.350278	436.72836	401.931126	436.975318	579.412107	850.475027	709.51004
14768	1.49131347685744	5.21195946036517	56.2148412158909	6.21402342727096e-07	3.60394919543059e-05	chr6	88930100	88931800	chr6:88930100-88931800	271.748136	183.245243	223.469541	433.094971	382.311017	283.9353	531.71417	674.724436	568.594763
2933	3.45332759557141	4.38753719462908	64.0595068850735	7.0922956702101e-07	3.99478152375379e-05	chr11	101781400	101782900	chr11:101781400-101782900	24.654587	18.210704	9.442367	454.168197	376.705323	497.08425	142.311866	294.94728	96.50199
5826	1.25019823357785	5.82418985528687	54.844453261977	7.36542758735618e-07	4.12485049268987e-05	chr15	74486580	74488320	chr15:74486580-74488320	499.665968	382.424907	387.137504	526.108349	511.243138	362.630218	983.670835	796.09672	1036.300855
10461	1.90292029941071	4.25905343258235	54.623799522239	7.57211755950129e-07	4.20693183051975e-05	chr2	180014270	180015770	chr2:180014270-180015770	91.495866	110.402411	82.05874	182.394043	181.625785	185.467518	300.262252	405.226155	282.926441
5789	1.24117022421348	5.85439130133221	54.3312148199095	7.85620074251246e-07	4.30110486029148e-05	chr15	73441840	73444680	chr15:73441840-73444680	342.424544	375.026781	474.142267	640.195851	657.272539	447.05938	822.202129	853.520189	952.68371
5488	2.60817178263152	4.06685490487227	53.9296795541311	8.26555253652687e-07	4.48750623128938e-05	chr14	78281220	78282720	chr14:78281220-78282720	26.298214	54.632124	62.049868	173.673942	295.982754	151.063103	270.548828	281.026476	263.187501
4122	1.03742645966937	6.0594402111508	52.5805682609872	9.82473973997289e-07	5.1619499520906e-05	chr12	112801840	112805080	chr12:112801840-112805080	612.528674	461.337929	580.031846	576.612131	586.35983	484.034328	1104.870848	1060.809411	994.081438
3224	1.35734239129886	5.03089689427408	52.1080184750596	1.04461326297299e-06	5.44452432661522e-05	chr11	117935640	117938520	chr11:117935640-117938520	237.231607	178.313228	183.901596	418.561531	383.712538	290.262262	473.851066	496.581704	459.481613
18274	1.55108837810167	4.99591558289492	51.9591995787991	1.06507816001438e-06	5.53642357379817e-05	chr9	14880640	14882700	chr9:14880640-14882700	207.646193	173.38111	182.10294	363.334512	317.284551	273.258102	400.349546	685.165259	448.515321
5645	1.52923526283018	5.08850786504181	51.8807416276448	1.07604653498101e-06	5.56384379000101e-05	chr15	27936520	27939760	chr15:27936520-27939760	189.566187	162.568502	232.687132	481.418569	287.293848	323.480469	467.204888	581.629065	523.907622
5657	2.23065085962459	4.23478586796031	51.8864496181059	1.07524433887004e-06	5.56384379000101e-05	chr15	28012650	28014150	chr15:28012650-28014150	56.979481	78.154306	65.646972	333.904578	222.267349	142.363127	250.609438	275.153488	356.125614
14784	1.63304577958793	4.42138319760878	51.4749827878475	1.13481384400416e-06	5.79110615693508e-05	chr6	89239020	89240650	chr6:89239020-89240650	133.134738	121.404705	133.429802	203.104117	197.742251	144.043774	318.442241	387.281268	417.26176
16585	1.47629721375853	4.84640830613735	50.8764757686995	1.22812168733483e-06	6.13903794858292e-05	chr7	143358880	143361520	chr7:143358880-143361520	210.385657	173.38109	190.64606	281.947716	176.020058	246.36721	437.491494	553.570032	497.588801
14647	1.10443888053777	5.59954407885643	50.7615166832745	1.24700374270289e-06	6.21752248753267e-05	chr6	83449560	83451060	chr6:83449560-83451060	333.110454	347.521065	338.127048	529.741896	460.791431	591.597238	703.739213	636.877353	701.833631
2381	1.37968492611429	4.95615819675547	50.5510553415309	1.28241438554044e-06	6.36162161558068e-05	chr11	68461420	68463140	chr11:68461420-68463140	203.811074	182.296806	174.234297	274.317673	403.612894	362.432507	508.256232	425.672416	424.115843
7042	1.03602506841901	5.95947476077571	50.1641671249661	1.35046422833561e-06	6.63186516151245e-05	chr17	6500730	6502480	chr17:6500730-6502480	361.326262	346.667463	309.799982	1040.77329	1071.956502	799.209996	680.672404	595.22342	669.757437
10267	1.39699200269242	5.61325558451361	49.8523616124544	1.41467075868304e-06	6.89150275270948e-05	chr2	168552690	168554640	chr2:168552690-168554640	338.041395	382.899182	243.703277	521.385452	522.454415	334.256624	765.511812	687.775164	919.100257
14150	1.26632578279786	4.95967524824627	49.3655465141772	1.5040070763756e-06	7.20485742837281e-05	chr5	143259400	143260900	chr5:143259400-143260900	207.098354	234.842287	216.275393	275.407649	332.420113	248.739914	488.707931	435.895574	553.790359
7571	1.16960717212792	6.05469205297627	49.0461595123923	1.57076822182431e-06	7.42435847980549e-05	chr17	56427690	56429560	chr17:56427690-56429560	603.214935	442.178925	496.399204	639.650945	576.970184	446.466103	1122.073014	860.045666	1255.212397
10276	1.00680969359839	6.09512269219729	48.8904692826148	1.60450170000753e-06	7.52038027017916e-05	chr2	168589100	168591140	chr2:168589100-168591140	617.733807	501.93271	457.730615	763.729852	643.538267	646.565432	907.823455	1048.846321	994.903604
11560	1.24728020190166	5.09751850122954	48.6302344395214	1.66270059622415e-06	7.71911713852756e-05	chr4	65270860	65272700	chr4:65270860-65272700	269.556485	261.589267	203.910347	339.354672	285.612218	307.068988	475.415039	580.976414	569.965697
17417	1.95005024657459	4.62176897790201	48.9892266748966	1.72551510345619e-06	7.86135027903291e-05	chr8	87667160	87669200	chr8:87667160-87669200	162.994123	110.592063	82.733152	284.491086	287.013581	142.56083	459.385607	396.960802	426.308916
10273	1.35471157208799	5.10382803717895	47.7756158088023	1.87098249688001e-06	8.31402113058133e-05	chr2	168574040	168575560	chr2:168574040-168575560	266.817262	209.802546	228.190785	358.247856	348.956946	218.685522	606.388716	513.112484	560.095924
5660	1.19024511311949	5.38315472990343	47.7245758169806	1.88431021760003e-06	8.33231746674042e-05	chr15	28021950	28023450	chr15:28021950-28023450	255.585681	339.933242	351.616101	393.491387	313.360534	356.896254	655.65027	643.620318	717.734339
11920	1.09579300284965	5.47484483777685	47.4276643027759	1.96396549822838e-06	8.52264242321322e-05	chr4	124667510	124669040	chr4:124667510-124669040	335.84994	331.871266	353.18984	489.047966	390.71957	352.645128	657.2145	684.294912	692.238203
2448	1.18281292757784	5.58837830572157	47.3077632434423	1.99718814628371e-06	8.63607130953873e-05	chr11	70346780	70350080	chr11:70346780-70350080	333.658434	331.58674	310.249539	556.628683	501.71336	510.134267	578.62988	860.045637	621.232468
18657	1.1458481353038	5.72795289842283	46.9406931718305	2.1028461929988e-06	8.90644431983116e-05	chr9	57946320	57948400	chr9:57946320-57948400	362.421991	393.616889	432.101163	576.248936	507.038807	388.927796	708.430697	921.166508	819.994037
5490	3.19279418101741	4.19291558211912	53.3136609788405	2.16992399100242e-06	9.10110824123224e-05	chr14	78289820	78291320	chr14:78289820-78291320	20.819428	26.177884	71.042602	197.654042	210.77561	191.003832	307.2996	496.363969	200.132115
7695	1.01848305615045	6.0235752913108	46.0815433569779	2.37531190969873e-06	9.81511020614412e-05	chr17	83220280	83222500	chr17:83220280-83222500	541.304452	613.47334	523.377427	494.134926	588.602162	391.102838	1111.907894	1007.084048	1049.460105
17115	1.44851846081617	4.80515802653906	45.7994576369482	2.47316161668346e-06	0.000101978784384131	chr8	34679420	34681420	chr8:34679420-34681420	146.283789	110.402422	163.66783	425.828166	399.688792	328.028161	283.841681	413.056845	372.30069
5636	1.85194733931086	4.99153305363025	49.244109420463	2.51220206436522e-06	0.00010293708458704	chr15	27772180	27774740	chr15:27772180-27774740	174.225605	205.249896	126.572752	317.191095	356.244441	170.637985	592.704745	418.276956	697.447068
10462	1.29796500952669	6.13488824284825	48.1905759944141	2.57146339533087e-06	0.00010492536964873	chr2	180019840	180023900	chr2:180019840-180023900	475.558983	406.326421	589.923588	512.301913	635.129904	774.691512	982.889211	1346.403928	1037.946275
12671	2.45502402847962	3.89052212100519	45.3075077613115	2.65472019958698e-06	0.000107454414610122	chr4	153829320	153830820	chr4:153829320-153830820	27.941868	36.421413	21.582571	244.160907	327.935527	270.094327	105.561001	202.721852	131.593655
14644	1.43646573116644	5.1841343399632	45.0364528039114	2.76105712894858e-06	0.000110357590153988	chr6	83443030	83444530	chr6:83443030-83444530	219.425618	201.076615	267.084448	437.454942	239.364821	385.171041	632.192145	564.663034	536.518705
13717	1.25806476822761	5.37676265726379	44.6443929044116	2.92334575593035e-06	0.000115788901999716	chr5	119061920	119064260	chr5:119061920-119064260	229.013547	232.186581	313.846642	477.421726	440.610831	539.397529	549.698684	673.419441	501.701085
12718	1.07679574056882	5.77918221612432	44.6174722042087	2.93487253145399e-06	0.000115882997226805	chr4	154269180	154270720	chr4:154269180-154270720	398.855986	436.677617	480.212383	576.975789	458.549015	373.702985	903.131641	832.638819	850.973518
8030	1.8325032078655	4.82085067568881	45.9850945865001	3.2533645838455e-06	0.000126415528412048	chr18	38803060	38805140	chr18:38803060-38805140	159.432866	106.9879	82.058715	503.58188	396.045064	266.337464	343.268639	475.700311	334.741515
8381	1.69724036635376	4.70577375636243	43.9001521315494	3.27473870769233e-06	0.000126491636446337	chr18	84721660	84723980	chr18:84721660-84723980	128.203808	132.027645	161.869287	241.980919	230.395649	317.350837	300.262279	593.157305	379.976936
5663	1.39546697334363	5.59176143283133	44.3047971057621	3.60977528764803e-06	0.000136996229120545	chr15	28036970	28039020	chr15:28036970-28039020	235.314067	305.598509	437.609351	431.459959	356.945092	474.741072	831.389574	874.292483	691.004046
10275	1.37176408137925	4.74562540792925	43.0299062723234	3.71307562731614e-06	0.000138761114982589	chr2	168579660	168581280	chr2:168579660-168581280	159.432899	189.694901	174.908786	269.594322	313.360499	199.308317	387.838668	376.731956	502.797871
9609	1.5865054446945	4.43354181528288	42.9679702861863	3.74777863532705e-06	0.000139790712647838	chr2	105688940	105690450	chr2:105688940-105690450	113.958969	132.596683	135.115864	230.899142	155.559116	226.891165	409.341528	356.938367	301.020795
8400	1.4579586039178	4.73719659421884	41.9025035063346	4.40497947612572e-06	0.000159622376693688	chr19	3991580	3993860	chr19:3991580-3993860	156.145588	177.744098	203.011126	274.317722	237.963398	143.351769	483.23428	438.940623	453.175923
14646	1.24776422859519	4.93244536441201	41.1378541640562	4.9556272282667e-06	0.000173580168775041	chr6	83447100	83448600	chr6:83447100-83448600	200.523845	187.418537	215.376086	261.600996	322.329715	393.47549	479.324705	426.32498	429.32464
2249	1.28221691682145	4.81099474409597	40.8630801954832	5.17186756140587e-06	0.000180046408697706	chr11	58195990	58198840	chr11:58195990-58198840	202.304404	168.733578	237.520709	220.907576	217.502458	273.653428	447.265543	502.998445	427.679727
13905	1.10453516884581	5.59544684092822	40.6329415825153	5.36107371407229e-06	0.000184151468790058	chr5	124185120	124188080	chr5:124185120-124188080	391.733619	400.825335	344.871562	443.994864	465.276049	345.823586	781.541259	872.444	619.587234
16434	1.24109713050457	5.03749581119223	40.6432168456187	5.35246366045999e-06	0.000184151468790058	chr7	139128120	139130620	chr7:139128120-139130620	256.407491	224.219362	198.289849	327.727949	356.524654	292.239715	423.025546	620.346464	449.063674
3229	1.17447052891857	5.62764521650598	40.5084689066925	5.46660721279089e-06	0.000185658795060022	chr11	117950850	117952350	chr11:117950850-117952350	422.414738	295.165289	319.467109	581.334858	523.575582	426.69355	875.764082	680.814926	620.135657
7043	1.54186094081666	4.62097547623411	40.2216995533543	5.71864991165425e-06	0.000193710593627872	chr17	6505700	6507200	chr17:6505700-6507200	134.778364	108.505433	122.301225	343.714639	348.676647	278.003436	408.168747	211.857372	374.493819
15526	1.05385544281751	5.95595058365292	39.9828670125745	5.93844637908373e-06	0.000200461026734355	chr7	27371360	27373120	chr7:27371360-27373120	470.354319	441.799536	661.86585	443.268219	485.456694	475.729642	1134.193141	848.517461	1065.90946
1506	2.679831086795	3.80400801334779	39.8233724995706	6.09045688215007e-06	0.000203483726088244	chr10	78033840	78035340	chr10:78033840-78035340	58.075204	28.454228	34.622005	220.180797	84.086004	166.485667	216.595252	321.049099	184.231225
8016	4.06669152847146	3.66027332727755	43.1143695541031	6.40321207936729e-06	0.000212480102022468	chr18	38566480	38567980	chr18:38566480-38567980	13.14911	11.381692	12.140193	231.807538	136.219334	192.981085	126.673148	384.997628	60.862055
14453	1.44466983022729	4.95378877417031	39.2852246998314	6.66061021335585e-06	0.000219530567656054	chr6	48436440	48437940	chr6:48436440-48437940	178.608607	187.41848	239.656542	224.541001	219.1843	385.171045	476.978986	562.922945	496.217937
8025	3.7883200510276	4.19771803057345	47.370187924731	6.77327123075965e-06	0.000222550693853173	chr18	38626100	38627600	chr18:38626100-38627600	4.930914	11.381694	10.791274	390.2212	424.354073	473.357	56.299201	226.213226	69.086659
8383	1.04034868905366	5.93397546518088	39.0793833365942	6.85914516291744e-06	0.000224936228538962	chr18	84729420	84731130	chr18:84729420-84731130	511.308159	502.97604	407.371168	586.603833	719.776531	445.477483	819.465526	899.415393	1008.337232
10958	1.36854192356362	4.53762410939421	38.5387037732739	7.48550764650916e-06	0.000243112369566424	chr3	105563990	105565700	chr3:105563990-105565700	164.500839	154.316794	131.518807	198.92578	231.516806	255.264844	425.957781	325.942851	331.177593
15362	1.47286995130585	4.66402060467788	37.8309412936156	8.40369856261233e-06	0.000265777165705919	chr7	3416520	3420240	chr7:3416520-3420240	115.876531	138.477252	173.559849	311.014444	269.916065	293.821527	439.445921	248.399529	422.74498
6134	1.01020730047717	5.19439735151442	37.79705425992	8.45070277318609e-06	0.000266831963977257	chr15	85489560	85491080	chr15:85489560-85491080	297.498407	263.486234	268.658064	410.204901	379.78846	338.903138	471.114457	544.216926	542.001758
16803	1.04550937806609	5.46184432667906	37.5734780594183	8.76825164210073e-06	0.000275966953856455	chr8	11991340	11993120	chr8:11991340-11993120	263.529924	278.851521	329.583926	624.208899	566.179251	461.888771	616.162816	481.138194	581.754027
7762	1.37352406924545	4.97274235458163	37.3313460342836	9.12721043492633e-06	0.000284515674562417	chr17	85871770	85873280	chr17:85871770-85873280	206.961395	155.929151	221.558626	383.863177	361.990232	261.493311	340.727371	591.526012	477.849781
3610	1.14087000437497	5.30990811972456	37.2987014817114	9.17684419270829e-06	0.00028515329053495	chr12	73639370	73641360	chr12:73639370-73641360	352.012545	225.357473	287.880094	385.498127	415.384922	369.056383	511.970543	686.36129	576.956425
13431	1.41011973168474	4.49650369941829	37.1036776514536	9.47969297696148e-06	0.000291592362653056	chr5	111300140	111301800	chr5:111300140-111301800	144.64019	135.821526	166.81532	176.580656	230.395652	200.890128	276.804362	417.189468	415.068624
3903	1.07069329863192	5.15265424215858	36.8158091918005	9.94724309082533e-06	0.000302362155847871	chr12	106455940	106458790	chr12:106455940-106458790	252.983179	254.949988	314.970675	318.462914	315.883051	354.029173	482.647816	602.945343	524.455891
18765	1.50421152560634	4.27359677641676	36.7395360788382	1.007538441406e-05	0.000304363815104795	chr9	66653280	66654840	chr9:66653280-66654840	107.110436	106.798203	157.148135	177.670638	175.459462	147.108565	337.795012	329.749384	313.631779
8447	1.07468121717471	5.391722023203	36.3732038855781	1.07169831411948e-05	0.000321262937875234	chr19	6424280	6425820	chr19:6424280-6425820	329.275425	317.169911	330.483234	469.428092	371.660284	312.803207	537.187533	622.521427	761.599362
10466	1.04923802897141	4.90180947574294	36.3308414453811	1.07940640849944e-05	0.000323019721682871	chr2	180342740	180344260	chr2:180342740-180344260	233.670492	263.106873	241.005388	264.871045	240.205678	221.058266	487.926013	428.935062	507.732609
433	1.18077119343228	4.90367123593948	36.0257574204792	1.13677493760397e-05	0.000336518050534565	chr1	91439320	91440820	chr1:91439320-91440820	215.31661	196.523889	213.577542	390.948133	280.847249	250.321795	489.489983	379.777249	452.901883
9095	1.2666171651978	4.61044964475978	35.6100393840705	1.22048357390623e-05	0.000357954672199006	chr2	28778760	28780260	chr2:28778760-28780260	164.363841	167.310876	215.376134	175.127281	190.594944	212.358345	470.723437	366.291405	389.846374
11227	4.47701276798574	3.52020591150674	36.6269572857651	1.31034316026321e-05	0.000377738304828088	chr4	3262240	3263740	chr4:3262240-3263740	6.574555	0	2.697819	417.108262	226.471633	190.212884	30.495401	113.106628	55.927317
5489	3.04685184298285	3.48257940052876	35.1621197190209	1.3184331758506e-05	0.000378781298145361	chr14	78286360	78287860	chr14:78286360-78287860	11.505471	28.454229	48.560765	156.233805	60.541934	67.226976	208.776132	244.484354	231.9341
13577	1.0500923346795	5.57353469582505	35.0121805950263	1.35315100469078e-05	0.000385529684937044	chr5	113630660	113632380	chr5:113630660-113632380	438.029192	426.813521	339.925553	346.258023	426.876611	316.36236	746.354385	632.961957	951.587787
13587	1.75763888742318	4.23807661798732	34.9764288750575	1.3615785795988e-05	0.00038680310084678	chr5	114254600	114256230	chr5:114254600-114256230	138.339635	106.134302	84.30689	146.423877	206.431136	92.832625	325.870595	313.218288	398.75639
16566	1.07663665438046	5.23377027334545	34.606189716304	1.45237270309778e-05	0.000407853800029399	chr7	143171660	143175450	chr7:143171660-143175450	303.251198	227.254486	326.661276	308.652828	369.277696	398.12209	519.007888	569.231042	596.969541
6097	1.37309284232201	4.59344303125239	34.2587724021734	1.54373218980425e-05	0.000427368918551333	chr15	84277480	84280900	chr15:84277480-84280900	171.486194	196.144523	122.750899	233.260897	256.18198	154.622148	390.184439	408.488862	384.911698
12597	2.12350647152773	4.72066720138531	40.0114708893482	1.64643119898725e-05	0.000444468201439306	chr4	152348300	152349860	chr4:152348300-152349860	95.605002	74.739789	184.800784	253.244322	170.41431	294.414706	388.229634	647.970331	403.280033
17310	1.98970179297798	5.67696579586517	44.8375892931625	1.65608836182079e-05	0.000445258132316355	chr8	71528060	71529640	chr8:71528060-71529640	220.24748	157.82615	283.720877	730.303208	588.041254	443.697966	565.337334	1196.320476	679.90104
10274	1.38654536023286	4.40438538523264	33.7731702732146	1.68233111132155e-05	0.000450801446901978	chr2	168576720	168578220	chr2:168576720-168578220	142.996543	160.861239	107.912844	252.880898	186.110363	171.626648	319.810613	332.359536	352.013194
10846	1.22603793870883	4.57643499644081	33.7033407790249	1.7033769162381e-05	0.000454815598741443	chr3	93017360	93019040	chr3:93017360-93019040	167.377064	153.27347	130.39471	303.384179	301.027916	233.119452	334.667358	352.588176	294.715198
18367	1.85042640745593	4.81534180567746	37.1751168720244	1.81070039878214e-05	0.000478245125597256	chr9	31997070	31998710	chr9:31997070-31998710	111.767352	73.222231	187.948218	327.000885	364.372732	348.393903	272.112615	534.211153	447.418416
13940	1.175012903353	4.64833385771634	33.2045614320515	1.86250896522396e-05	0.000489942634257097	chr5	126758550	126760050	chr5:126758550-126760050	199.975897	180.589573	205.708935	170.040635	217.502461	209.590089	433.581704	440.89836	357.22222
17916	1.07529319072238	4.74748998736834	33.0412481496688	1.91815523960623e-05	0.000500538640295111	chr8	120124180	120125680	chr8:120124180-120125680	197.784425	226.116299	188.847523	264.507711	261.227205	237.667234	355.779453	405.44372	443.580587
8221	1.36827030636762	4.95182703424708	32.9839758177397	2.05280049969682e-05	0.000523153592982724	chr18	76004620	76007560	chr18:76004620-76007560	231.205089	221.942996	145.682324	329.907918	393.522632	204.844686	546.570812	389.347867	506.087521
12667	1.10212237319735	4.99146624169836	32.6503347022493	2.059021094458e-05	0.00052400478243726	chr4	153804980	153807300	chr4:153804980-153807300	190.388134	218.52847	190.421215	481.78197	399.96914	343.846249	401.131598	460.691974	335.015657
2382	1.27415498101699	4.37997811462887	32.6411044076167	2.06248351853109e-05	0.000524203385821718	chr11	68463680	68465200	chr11:68463680-68465200	137.791604	143.02994	140.73637	241.980752	179.663767	196.737858	306.908609	331.054304	312.26097
18135	1.06032323366469	5.49913655829653	32.2676361308513	2.20816316213207e-05	0.000553812307472195	chr8	122456540	122458220	chr8:122456540-122458220	268.734793	404.808948	285.744347	611.492431	488.819883	407.909684	632.192233	605.773007	627.81185
10233	1.21409853141468	5.16526487265816	31.9889515836974	2.324335488705e-05	0.000575775947306987	chr2	167690000	167691620	chr2:167690000-167691620	310.099564	302.373679	161.869271	367.694589	331.298868	304.498612	549.698559	603.380634	518.698722
10270	1.55466616000498	4.83716850638995	33.4712565230972	2.32646556386357e-05	0.000575775947306987	chr2	168561760	168564940	chr2:168561760-168564940	175.321456	208.664381	97.57123	393.128243	327.37483	208.403801	440.228056	367.596413	513.76399
114	1.06583202700872	5.17468067461916	31.8870085037943	2.3685176074467e-05	0.00058278851054645	chr1	37917040	37918560	chr1:37917040-37918560	257.777324	285.490793	330.707946	345.1675	307.754782	256.451271	485.189246	683.859894	534.325384
11822	1.10894915687958	4.88770713014503	31.7981318593106	2.4078001752372e-05	0.000589883162478508	chr4	119726560	119728080	chr4:119726560-119728080	256.133511	200.886851	179.629984	320.461122	260.666632	337.519047	463.686131	421.974745	392.313793
5664	1.05816459400535	4.88449279978395	31.3912640122283	2.59713447143721e-05	0.000624601173531785	chr15	28040740	28042280	chr15:28040740-28042280	184.087501	252.29421	261.688705	260.874336	245.531163	282.353391	448.047146	451.991447	455.643343
1095	1.13645886199109	5.05563602808629	31.2164526821153	2.68352400286686e-05	0.000643551860564819	chr1	190972300	190974060	chr1:190972300-190974060	278.870462	221.563633	270.007098	361.881291	275.521797	222.640049	596.614673	412.404226	571.336299
5491	1.97615783968614	4.18438260088015	31.358865704447	2.76868648399198e-05	0.000660732323927024	chr14	78296180	78297680	chr14:78296180-78297680	59.171023	51.217594	130.844318	237.620896	184.989207	174.790261	213.467774	397.613287	273.056873
9649	1.039300153997	5.10839008611156	31.0010263995943	2.79441408677605e-05	0.000664438239976131	chr2	118691100	118692660	chr2:118691100-118692660	274.761448	252.104581	321.940086	334.994641	259.545471	263.569395	636.883846	513.765091	473.189414
16828	1.20389896133578	6.13449985042841	34.3309387544357	2.80830999318178e-05	0.00066612158758177	chr8	12429650	12431940	chr8:12429650-12431940	538.291066	437.151842	668.61021	462.161392	471.021771	695.798898	1052.089813	1444.176134	1025.060848
5493	2.00880957224104	4.11698735217858	31.0407810265817	2.82561166166143e-05	0.00066860266255657	chr14	78303380	78304880	chr14:78303380-78304880	49.309175	95.606222	74.190103	240.52762	192.837184	166.485781	328.4118	348.890414	141.463219
2385	1.17349609123265	4.62612430988203	30.8734390556844	2.86248853438293e-05	0.000675692492808145	chr11	68474860	68476520	chr11:68474860-68476520	175.869307	217.390324	161.869295	204.194108	265.151289	182.699245	406.605042	368.466755	392.587988
12374	1.01794609383059	4.82847396991172	30.6793215067492	2.96962849470168e-05	0.000693445506916896	chr4	140219880	140222200	chr4:140219880-140222200	192.57952	166.741817	175.358386	394.944883	359.047262	394.859678	342.095633	362.593687	302.939623
371	1.48293616503439	5.15502144415682	32.97025144943	2.99693995964011e-05	0.000697323708466261	chr1	89919000	89920510	chr1:89919000-89920510	219.151618	169.113001	312.834931	410.204672	260.106034	234.108274	533.473761	775.867852	512.530382
18659	1.38378301361301	4.50659794570021	30.492701823018	3.07685308631392e-05	0.000710657172756235	chr9	57952750	57954250	chr9:57952750-57954250	146.831742	156.687958	157.822549	273.954093	198.162687	127.53361	401.522474	387.172657	332.27423
17861	1.01047670982726	4.8016171677361	30.278017816591	3.20556536271734e-05	0.00073278099431942	chr8	119397140	119398640	chr8:119397140-119398640	237.779585	208.285025	227.516313	218.0008	270.196352	258.230801	433.972796	426.760031	403.005718
8022	4.82077964706743	4.81365023143397	55.8372594444986	3.20990883331807e-05	0.000732916683962638	chr18	38596060	38598100	chr18:38596060-38598100	20.271539	14.796202	8.093461	501.401721	431.921821	487.395397	175.544037	744.111439	218.22621
15347	1.07279715000178	4.73241468826047	30.1991121147083	3.25436968699973e-05	0.00073850071867588	chr6	146300480	146301980	chr6:146300480-146301980	199.97595	153.27348	200.987719	314.64787	321.208643	262.185322	376.109584	371.511866	337.75721
5638	2.19684545378545	4.65543424537517	36.4193951684678	3.25147783114168e-05	0.00073850071867588	chr15	27860200	27861950	chr15:27860200-27861950	168.061962	103.004307	81.27187	234.532547	235.861235	94.414443	558.690725	314.740951	636.99613
5695	3.48140867242073	4.5317389119516	44.9413862232007	3.24599204622368e-05	0.00073850071867588	chr15	34036480	34038080	chr15:34036480-34038080	64.101888	19.348874	32.373859	307.381256	368.857409	181.908356	239.662395	681.902688	279.088324
14589	1.64613742208253	3.92839967871908	30.082153414475	3.3282388771221e-05	0.000750031290322722	chr6	70974760	70976260	chr6:70974760-70976260	77.798912	104.71157	99.819359	119.173738	109.872384	121.008701	213.46763	285.811754	326.791198
210	1.01486205256363	4.90260854991953	29.717854086353	3.57055204344153e-05	0.000793185885516667	chr1	74107360	74108860	chr1:74107360-74108860	85.46923	80.430638	93.974115	656.182236	697.91385	645.37898	157.168574	177.490443	154.622596
5312	1.06607122369767	5.11481706199057	29.7106772645592	3.5755189165916e-05	0.000793229480417513	chr14	60690800	60692750	chr14:60690800-60692750	292.567476	276.480379	237.071179	335.721324	250.996713	368.364367	476.978985	614.473815	478.809105
7252	1.61208513702098	4.73320073883171	31.332790461805	3.63324146323911e-05	0.000803299823518195	chr17	28007320	28008970	chr17:28007320-28008970	178.882587	145.116568	122.638481	201.105799	204.88962	408.502711	476.196908	306.692976	492.379965
11915	1.31065523926691	5.0634524188983	30.125562047551	3.82757792122453e-05	0.000835866038774676	chr4	124639130	124640630	chr4:124639130-124640630	249.559042	157.067314	262.138372	435.638394	341.669492	218.685529	509.038294	573.146101	460.852264
5258	1.20680843540287	4.6932554674566	29.2415983712468	3.91746360993049e-05	0.000850742513956572	chr14	54934480	54935980	chr14:54934480-54935980	185.183233	193.868181	198.289899	233.260857	260.666653	176.372076	533.278143	317.133428	392.039751
17306	1.31510512316745	4.80032830063834	29.2248991570025	3.94105954132715e-05	0.000853969054714403	chr8	71504920	71506420	chr8:71504920-71506420	106.288658	195.765164	211.329349	363.33465	311.118213	276.026208	326.066132	466.782437	398.619458
17655	1.75870844477625	5.3160936480427	34.9849219649713	4.07111966404307e-05	0.000880199489311081	chr8	108954940	108957590	chr8:108954940-108957590	238.601431	229.530789	134.891031	625.480263	415.384869	261.196693	739.903623	461.235877	703.88947
2300	1.19066632915008	5.07177145051415	28.9914409623	4.12577587164537e-05	0.000886012839652997	chr11	60094060	60095690	chr11:60094060-60095690	266.680285	223.650301	287.880057	314.102807	289.255846	212.259453	396.831061	728.559043	527.33464
8497	1.1259597265629	5.4680887216645	28.9554355003151	4.35745385266237e-05	0.000921046990969796	chr19	10249610	10251330	chr19:10249610-10251330	335.849942	335.001195	383.540394	437.455025	433.883913	214.730982	737.362069	718.22727	688.12572
2934	3.87817645808975	4.48302265894138	42.3270915787048	4.4264044554051e-05	0.000928262608164085	chr11	101788200	101790180	chr11:101788200-101790180	19.723665	4.552678	17.53583	414.928189	454.064453	557.983893	76.629467	345.410207	152.977646
18658	1.08670697564672	5.07707110531664	28.5721779880141	4.47023936674468e-05	0.000932362430559256	chr9	57948740	57950240	chr9:57948740-57950240	339.684992	203.732353	202.336681	335.721297	350.918965	332.971318	469.159626	544.216775	459.481534
13497	1.21423963674948	4.58648354393852	28.5481551848222	4.49162986429742e-05	0.000933085886762756	chr5	112161020	112162720	chr5:112161020-112162720	175.869278	188.936078	181.203721	197.654085	252.818576	137.617658	437.100375	341.059941	403.554138
3225	1.10467826203939	4.8532875103115	28.5532120749784	4.48711763427214e-05	0.000933085886762756	chr11	117941140	117942740	chr11:117941140-117942740	199.702028	149.289833	170.86203	509.758769	348.115966	321.50318	348.742079	363.028822	328.984209
11914	1.2607934552269	4.54744688188205	28.5113613126528	4.52461327294523e-05	0.000936796254446129	chr4	124635280	124638250	chr4:124635280-124638250	161.761407	163.327294	192.21977	235.622547	214.839748	128.324532	354.020197	349.760468	454.272531
3230	1.28073075561747	4.65822199839186	28.4355521453747	4.59342487170682e-05	0.000947248601182994	chr11	117956760	117960640	chr11:117956760-117960640	190.662067	159.72306	131.293957	311.741156	328.21579	198.715137	341.313676	288.856882	463.868073
13788	1.00095199857693	5.5838612352564	28.3900109917897	4.63532200942286e-05	0.000953656512359681	chr5	120286420	120288920	chr5:120286420-120288920	458.026913	372.94023	357.011818	506.48841	415.945321	315.571394	883.583589	607.730598	723.765827
12375	1.21050874984987	5.00395390589891	28.3148145057062	4.71790750370614e-05	0.000967538950750308	chr4	140222800	140225300	chr4:140222800-140225300	252.024461	229.910205	134.891075	422.194753	409.218658	285.121593	451.175199	370.206717	511.022512
11119	1.05783452269925	5.39265774709094	28.1429567020165	4.87015276125123e-05	0.000989471265266688	chr3	135306840	135308420	chr3:135306840-135308420	322.700752	264.434695	196.041761	690.336073	559.452314	442.116287	448.829331	520.290495	550.500643
4558	1.21296307375864	4.85338345383458	28.1032338420016	4.90913197048962e-05	0.000996354977811212	chr13	59554280	59556080	chr13:59554280-59556080	225.726311	249.06941	136.239986	254.334264	321.489012	265.744293	475.4148	341.930023	505.539201
14769	1.16827214626037	5.3599812477948	28.3807204146308	4.96864402614899e-05	0.00100530173386213	chr6	88933540	88935260	chr6:88933540-88935260	276.405098	294.785924	294.961843	593.688925	412.021416	259.614942	550.871475	625.784344	638.50374
10269	1.36863589604812	4.63756478470887	27.8876921914012	5.12678738684671e-05	0.00103515557309834	chr2	168557570	168559070	chr2:168557570-168559070	179.704456	186.659799	113.308474	314.6479	278.885241	156.006228	385.102083	331.924473	439.468298
14638	1.21615069775302	5.31128020444641	28.5936210330752	5.18561911308202e-05	0.0010458072549971	chr6	83364770	83370510	chr6:83364770-83370510	361.326233	314.893591	202.786234	400.758139	416.225689	232.921806	635.320263	558.790243	710.880697
16512	1.47673669747989	4.33484120281701	27.8111038912083	5.20669651202473e-05	0.00104678160096303	chr7	141985280	141987380	chr7:141985280-141987380	160.528657	114.955081	97.121522	226.720829	220.865909	142.75861	328.411904	230.998502	410.13383
1588	1.0692618785041	4.69585589270778	27.7969070985152	5.22166067404029e-05	0.00104707922052116	chr10	81207060	81208560	chr10:81207060-81208560	180.800124	171.104818	221.671055	247.794245	283.650117	255.858127	401.131603	402.833509	315.824917
10228	1.11226894670888	4.83815766344282	27.7502274320729	5.27120200728576e-05	0.00105559060688935	chr2	167574780	167576640	chr2:167574780-167576640	221.343239	168.069634	161.869308	426.5549	353.72179	281.562531	365.944615	302.34271	444.677174
12309	1.52130695428319	4.37868664822791	27.7225072276791	5.30086907483546e-05	0.00106041404663329	chr4	138420820	138422350	chr4:138420820-138422350	102.453521	138.85667	127.58446	193.475745	142.385639	288.779522	322.93828	404.138652	257.841429
3236	1.18307024019645	5.79382992629288	29.6874140464021	5.30613935844131e-05	0.00106041404663329	chr11	118070220	118072020	chr11:118070220-118072020	461.862177	445.972736	304.853906	538.825214	669.04462	362.827948	958.648959	652.973525	958.441104
2665	1.14219914743655	4.41986132984367	27.6213702176892	5.41069605582824e-05	0.00107767419486338	chr11	88226060	88227560	chr11:88226060-88227560	165.459619	167.690227	174.459168	188.207363	180.504628	141.5722	381.58332	312.783306	350.368323
8064	1.09490660973409	4.72088310589948	27.2247626307179	5.86649992924923e-05	0.00114546194922254	chr18	47556360	47557860	chr18:47556360-47557860	239.971119	145.685675	227.965991	241.980876	253.939725	207.612818	410.514879	392.827996	417.810098
7030	1.14547048127945	4.55270822483459	27.1202593392695	5.99360766852644e-05	0.00116215339168005	chr17	6328260	6330210	chr17:6328260-6330210	167.65108	119.128381	118.816552	330.271216	329.196669	317.153211	323.1338	263.081648	248.794426
4375	1.42701347036403	4.80593481201341	28.1880154064434	6.05670430151649e-05	0.00117206223339742	chr13	51842080	51843640	chr13:51842080-51843640	159.706892	168.828416	249.548567	201.287401	201.245846	262.185318	411.296694	689.950283	341.869523
5639	2.49721686178047	3.87614165279494	28.3444879485943	6.17415586132976e-05	0.00119007767563797	chr15	27888640	27890160	chr15:27888640-27890160	77.251007	43.250436	37.769475	167.860621	188.072367	48.640739	319.028495	164.43965	353.109976
18050	1.1814987892016	5.10832039444111	27.0729644898746	6.31345581756423e-05	0.0012133381903077	chr8	121279080	121280580	chr8:121279080-121280580	258.051149	308.823323	213.127977	389.494629	324.571984	185.072007	606.779895	503.324554	538.986118
3974	1.06076638753115	5.0266979927519	26.8298863027396	6.36318114040006e-05	0.00122049436103159	chr12	109060640	109062440	chr12:109060640-109062440	278.870441	194.247579	243.02876	284.854434	316.163391	412.852701	411.687605	533.776123	444.677184
12993	2.64362533920887	3.76360295265106	28.1396237934087	6.39028630304254e-05	0.00122449162542124	chr5	35002740	35004240	chr5:35002740-35004240	31.777012	30.73056	93.074842	90.106978	96.979193	49.036196	196.265251	493.753885	213.839732
8431	1.03096761817781	5.21337017531718	26.4645101319348	6.86475042835816e-05	0.00129011103002173	chr19	5539280	5542500	chr19:5539280-5542500	323.24864	275.05757	196.041777	382.228158	399.128287	459.911606	583.321844	421.539685	507.732633
2192	1.01855714810212	4.91895073387468	25.9713681776899	7.61292660760054e-05	0.00140372311835427	chr11	51402790	51404880	chr11:51402790-51404880	231.75295	216.536745	176.819749	328.091249	396.745904	354.127987	298.307486	421.213413	462.223238
14151	1.20637019693644	4.45120394048274	25.9657540399181	7.62195106611985e-05	0.00140406252202934	chr5	143262240	143263760	chr5:143262240-143263760	183.539628	180.020461	123.425306	183.847392	217.222175	166.683534	388.620696	277.763759	382.444332
16631	1.15813564592019	4.37353613823417	25.8270686789596	7.84870694538366e-05	0.0014336726845563	chr7	143732700	143734200	chr7:143732700-143734200	167.651094	154.032268	161.419682	143.880552	209.654434	153.040343	318.246786	337.144738	349.81999
10271	1.39479108748872	4.6690017405488	26.1714643624819	7.88972586314888e-05	0.00143713599249995	chr2	168565420	168566920	chr2:168565420-168566920	210.38566	139.994851	103.866093	311.741135	359.327526	189.026496	321.374519	335.404669	458.384922
17099	1.10806538192936	5.30250863251267	25.7593779911114	8.25522418686737e-05	0.00149396626604003	chr8	31075000	31076740	chr8:31075000-31076740	248.73709	325.137101	263.037639	603.135918	346.43433	316.362312	563.77328	487.228579	633.843164
11906	1.59339037668927	4.06525597081891	25.5477232453222	8.3286112064766e-05	0.00150186702367821	chr4	124449850	124451350	chr4:124449850-124451350	119.985591	68.479858	118.254507	151.510661	175.179173	105.981474	363.207778	263.407825	234.40126
18716	1.01691078518155	5.25914689661193	25.5471561633479	8.32961807964791e-05	0.00150186702367821	chr9	62188160	62190740	chr9:62188160-62190740	249.832958	293.647641	224.81851	616.942271	445.095336	372.121065	410.514732	558.572654	479.220603
9241	1.21126582376494	4.55434668239218	25.490183110871	8.43146992298516e-05	0.00151325142006194	chr2	34879560	34881060	chr2:34879560-34881060	114.506781	144.547512	172.210989	384.408001	251.13689	234.503578	281.495893	337.144799	312.535059
16261	1.38635478038205	4.36748147042953	25.4833793926612	8.44372547683968e-05	0.00151406068298011	chr7	123978200	123979700	chr7:123978200-123979700	119.985591	91.053536	86.330296	252.880972	341.389248	323.480436	171.243307	324.964002	226.999123
9642	1.07891905842082	5.00622345363026	25.4152372813271	8.56757028522271e-05	0.001529252613924	chr2	118663240	118664940	chr2:118663240-118664940	253.120116	165.034553	331.382481	308.107774	265.711765	295.403324	464.468039	500.714336	510.474415
18221	1.21532488011376	4.35221772331037	25.3960101624475	8.60287949951125e-05	0.00153275551338147	chr8	125790780	125792280	chr8:125790780-125792280	165.459543	127.474941	103.866108	206.374118	257.863742	225.012832	302.608053	285.376639	269.767134
482	1.11906402487532	4.97129534842964	25.3827301425757	8.62736189987499e-05	0.00153432018501416	chr1	93167740	93169690	chr1:93167740-93169690	239.971139	240.058942	229.08999	304.111153	380.068729	191.102681	506.105775	538.561541	387.379009
16435	1.00313824761768	4.90978424287621	25.2917139904392	8.79725778937982e-05	0.00155886823470356	chr7	139130640	139133240	chr7:139130640-139133240	273.665727	239.964032	207.732289	308.471198	322.329731	197.133376	459.776494	437.635612	449.612141
4316	1.1789884025195	5.39036579712196	26.2693114611307	8.81182413648987e-05	0.00155886823470356	chr13	43300120	43302620	chr13:43300120-43302620	311.743272	301.235489	210.430113	390.221326	424.354037	625.210571	480.888535	733.453143	519.247227
8382	1.39761089233669	4.13416420052471	25.2896338922992	8.80118391952486e-05	0.00155886823470356	chr18	84727160	84728660	chr18:84727160-84728660	129.847511	94.468025	107.912849	224.540855	170.414339	132.872263	304.171917	229.258435	282.926462
12131	1.08813645772264	5.142342235067	25.1688630545816	9.03251622790909e-05	0.00158902366943729	chr4	131779260	131781240	chr4:131779260-131781240	337.493572	279.610269	227.516294	343.714681	357.645791	194.562878	617.726865	485.488492	570.239705
15966	1.1966207628235	4.68938834255477	25.1612809918417	9.04726369905979e-05	0.00159018677156586	chr7	79524240	79526100	chr7:79524240-79526100	221.343308	152.514677	201.43732	209.280772	251.136866	217.103654	483.234306	264.495453	484.155421
2250	1.24160758257753	4.73929271487535	25.0167158702449	9.35529598119044e-05	0.00162581073933223	chr11	58205980	58207880	chr11:58205980-58207880	202.167411	139.994786	238.757226	167.860597	219.184184	316.36227	442.574094	417.189421	420.003406
18209	1.28485113706757	4.47097706762389	24.9902009322729	9.38725565621826e-05	0.00162654177128356	chr8	125104360	125105940	chr8:125104360-125105940	202.715337	148.34138	115.107048	228.900882	221.987044	153.435792	290.879122	323.223959	446.870471
16773	1.02151463955138	4.77695225943929	24.8925732902975	9.5876352318627e-05	0.00165393054374895	chr8	11291690	11294680	chr8:11291690-11294680	176.554149	226.495716	163.555445	336.81112	353.862027	284.132872	409.341821	358.569814	302.802627
10056	1.15387386368925	4.91563569139768	24.8504546881951	9.6755501760705e-05	0.00166325641490978	chr2	163273280	163275630	chr2:163273280-163275630	175.321337	186.84948	142.310103	501.583144	522.734703	281.068168	385.883983	271.782177	390.531795
18902	1.47629618802022	4.04488599934025	24.8422617831364	9.69275546985031e-05	0.00166325641490978	chr9	97711740	97713240	chr9:97711740-97713240	105.192914	106.987888	101.1683	165.680603	139.582773	145.131278	243.962948	366.291514	199.583789
5642	1.63754708349989	3.86136770489776	24.7742767487511	9.83684727538721e-05	0.00167913694320911	chr15	27923030	27924540	chr15:27923030-27924540	73.963718	101.961001	83.632481	170.403833	119.121986	85.417839	281.49559	227.300897	244.819197
5640	2.02042035126605	4.587403866996	29.1116137132302	9.86795551298486e-05	0.00168297722950514	chr15	27913620	27915300	chr15:27913620-27915300	133.134641	100.158885	76.887931	301.930883	371.66012	130.499486	377.673427	237.523884	564.208138
12142	1.35005947806057	4.5343401044573	24.5918669432712	0.000102586891272369	0.00173258268757327	chr4	132107460	132108960	chr4:132107460-132108960	126.012337	121.784119	227.965883	237.6209	197.321831	181.908339	471.505508	268.410689	392.587949
7761	1.98042896177442	3.92014231131356	24.5780827834377	0.000102895843500871	0.00173370625967632	chr17	85869700	85871200	chr17:85869700-85871200	93.687391	66.393204	57.103858	210.007474	139.022196	76.717932	150.1312	345.410231	303.76225
13879	1.0176760587145	5.42850512508323	24.4763500975781	0.00010520834763732	0.00176506193525443	chr5	123177520	123179020	chr5:123177520-123179020	356.121426	331.966127	416.363835	445.448299	306.073047	238.062777	662.29704	814.36764	603.138161
8430	1.46123390413815	4.22465250081578	24.3482336584566	0.000107960231389114	0.00179691357021101	chr19	5531810	5533600	chr19:5531810-5533600	144.640173	82.801836	136.239972	191.295703	188.35265	115.076835	352.45613	225.560693	357.085058
4474	1.02969355709983	4.90438823256834	24.3279060979165	0.000108443240577831	0.00180231559276675	chr13	55490980	55493320	chr13:55490980-55493320	205.454821	272.022478	285.069819	186.754079	264.590629	230.54906	562.991639	381.082341	509.377493
14832	1.27301993952667	4.26097993898963	24.235364450845	0.000110672781690433	0.00183003343328216	chr6	91965550	91967080	chr6:91965550-91967080	128.340841	160.861246	137.251691	196.382454	148.551949	111.616671	287.164897	303.104018	372.574803
18715	1.13296296624867	4.54386985209022	24.1935331349093	0.000111697309922743	0.00184541329031278	chr9	62185710	62187210	chr9:62185710-62187210	133.408626	126.336761	194.692799	284.1277	329.33685	223.035514	305.735758	288.856827	335.564017
17116	1.52633326093325	4.6585198925938	25.2781140834134	0.000115108954876413	0.00189218210518039	chr8	34684560	34686850	chr8:34684560-34686850	91.632895	56.908449	153.438584	453.623292	422.392172	374.49382	207.603248	360.41862	241.392175
8020	4.32999932850521	6.316267602475	54.8218668697741	0.000117530319284345	0.00192532639681494	chr18	38589380	38591160	chr18:38589380-38591160	54.240064	38.697751	87.679184	1398.113013	1385.738543	1081.563374	655.259184	2045.490269	667.838357
17924	1.45701038714447	4.95173921844681	26.0996593878052	0.000121581972949816	0.00197532806425948	chr8	120260160	120261660	chr8:120260160-120261660	244.354156	221.184247	136.239955	258.69426	316.163365	256.648969	533.278211	285.81172	728.700623
9688	2.72731198477138	2.94172346922715	23.7332112244021	0.000123697150911467	0.00199476964898071	chr2	121628540	121630040	chr2:121628540-121630040	19.723664	36.421408	28.327105	47.960181	55.496775	16.609035	211.121747	129.637575	183.682878
9961	1.06371099839196	4.58439708127301	23.4746219978675	0.000131063768940879	0.00209455548973792	chr2	157532540	157534040	chr2:157532540-157534040	199.975968	195.006317	169.962699	240.527484	236.561954	165.69493	425.371371	366.726611	306.503732
13094	1.16533976208006	4.81557911414809	23.4466138376807	0.000132175367796	0.00210715135691094	chr5	37859890	37862170	chr5:37859890-37862170	248.737133	202.594145	130.844329	215.820851	327.374835	349.580367	391.748344	376.297003	449.612123
7226	1.13217121655714	4.67902220881348	23.4401657832824	0.000132081724976642	0.00210715135691094	chr17	26961420	26962920	chr17:26961420-26962920	261.886215	189.694896	160.520342	210.734145	253.379153	147.50408	421.461854	358.025948	472.092684
12376	1.05106228763658	5.32736489872236	23.5032120022666	0.000135348522633691	0.0021524710129174	chr4	140228470	140230710	chr4:140228470-140230710	340.23298	372.181369	196.940938	422.194819	465.836564	308.848714	518.421336	605.120625	633.294866
17309	1.27870703227619	5.8543644859987	26.9259665431562	0.000137379204356186	0.00217415105193656	chr8	71525710	71527210	chr8:71525710-71527210	301.881445	365.921675	456.156861	779.716675	646.060826	454.573133	560.254903	1103.007132	877.840155
19415	1.07832348005896	4.86312385219675	23.2091797549413	0.000139137639904288	0.00219487100236426	chrX	101383940	101385640	chrX:101383940-101385640	132.039031	183.245261	109.261765	495.588581	473.124299	496.293209	330.757679	207.072073	299.375701
5788	1.15172776619579	4.45941965416274	23.1733357456647	0.000140269739982787	0.00220916363252504	chr15	73440280	73441780	chr15:73440280-73441780	178.608673	163.516968	136.689575	245.614288	248.33393	145.526722	309.645481	359.766099	321.307908
5972	1.37926826283006	4.70362161100851	23.7520575093038	0.000152276053180155	0.0023418233298611	chr15	79786380	79788000	chr15:79786380-79788000	156.14564	132.407033	269.78228	131.527162	205.730422	259.021661	514.511602	416.3193	422.744924
8448	1.0921078243974	5.20614318024953	22.9534490240414	0.000157445147478417	0.00240642918146515	chr19	6443200	6445500	chr19:6443200-6445500	299.689825	231.427763	303.505028	417.834989	433.884216	211.171954	512.165879	490.708716	658.517107
13775	1.02460314782506	4.68732372722973	22.4751076355242	0.000164503834554279	0.0024866414898402	chr5	120236360	120238080	chr5:120236360-120238080	261.612389	175.467777	160.970029	250.700896	260.946892	231.537745	320.983512	412.186688	399.990166
8473	1.27641828263263	4.42228905292332	22.2761985272169	0.000172236529495759	0.00258156669401427	chr19	7127580	7129320	chr19:7127580-7129320	152.858343	171.863607	147.930542	115.540431	248.333994	157.785749	344.832309	287.116844	438.645873
5715	1.7882830810365	4.32578517113348	23.5671917788417	0.000174310594628639	0.00259486059091176	chr15	37257500	37259230	chr15:37257500-37259230	77.661967	68.290165	85.318597	392.946328	303.970894	210.479765	197.633653	409.902858	132.553194
7880	1.13761259841445	4.61681250736873	22.1656182311497	0.000176709987846161	0.00262446558697053	chr18	34534720	34536500	chr18:34534720-34536500	192.85355	161.620055	238.30763	252.154277	165.929713	143.549493	354.997401	481.138245	377.783611
11970	1.27276013150061	4.38953822018797	22.134663872166	0.000177985308759151	0.00262942015094301	chr4	125439320	125440820	chr4:125439320-125440820	176.965074	134.683376	110.161043	251.427548	229.835076	152.249425	267.421119	261.885338	423.841498
4556	1.1333827263035	4.67725003225941	22.1356467404097	0.000177944657267618	0.00262942015094301	chr13	59252010	59253700	chr13:59252010-59253700	165.870479	202.309587	132.867746	376.596536	335.783659	200.890127	365.748812	290.162168	370.107416
7269	1.47174413086806	3.948462189313	22.0787839480309	0.000180313611613131	0.00265979587847446	chr17	29393160	29394660	chr17:29393160-29394660	87.660712	105.470333	97.571202	150.420582	154.718255	124.963219	342.486534	173.575211	236.320423
2109	1.10778747234536	4.41267351112039	22.0142559792339	0.00018304456036415	0.00269398037072087	chr11	35706820	35708540	chr11:35706820-35708540	202.989209	152.32497	159.171506	213.640762	136.219327	155.413039	324.11115	371.294319	336.934878
14648	1.18293630728837	4.45467653543787	21.9942771639962	0.00018389942145927	0.00270046145185682	chr6	83472660	83474240	chr6:83472660-83474240	177.512869	122.922237	133.542118	200.560764	220.305333	313.989492	260.3836	358.895996	297.731003
9585	1.75503674053348	3.68694119192942	21.9418408392811	0.000186164321401672	0.00272757246011671	chr2	102445370	102446870	chr2:102445370-102446870	43.282495	38.697754	43.614769	281.584352	229.2745	164.706194	134.101566	169.65986	90.470621
11559	1.03433717713706	4.63177477685564	21.9165239727041	0.000187268952887292	0.00273591257958752	chr4	65263500	65267800	chr4:65263500-65267800	182.991684	193.488781	171.311669	245.614267	206.851603	323.480499	369.072226	372.38179	302.665512
2671	1.01480005490126	4.52282032218577	21.861954992806	0.000189674840286227	0.00275423087176398	chr11	88309900	88311740	chr11:88309900-88311740	203.537173	176.795542	204.584824	184.574029	210.495298	138.804054	387.838667	313.653358	401.360858
5637	2.42154635015877	4.3420567590258	26.8653165146086	0.000189401445778163	0.00275423087176398	chr15	27853840	27856880	chr15:27853840-27856880	86.838912	116.47267	55.754968	198.017468	157.24084	39.743045	468.768586	294.294734	536.518779
9748	1.19534651746438	4.56549019674309	21.8316204469604	0.000191027137507053	0.00277180801972928	chr2	129689460	129690960	chr2:129689460-129690960	156.693517	139.99484	80.03534	350.981209	413.703249	287.098773	289.315291	289.726924	223.160978
484	1.19815964986036	4.59856547065051	21.7927370700869	0.000192776272139067	0.00279097202885783	chr1	93179440	93180940	chr1:93179440-93180940	135.326206	175.657476	217.624281	271.047703	256.182024	140.781324	369.072385	430.675237	329.532647
7196	1.17060769714118	4.255198369669	21.7106210034651	0.000196529133571875	0.00283480584181719	chr17	25537760	25539260	chr17:25537760-25539260	154.502043	139.236027	135.790354	180.213995	196.761258	125.75411	351.087828	268.410661	281.281537
11916	1.00752414909808	5.15613164716268	21.5556907552715	0.000203833488015352	0.00290585377334796	chr4	124652360	124653860	chr4:124652360-124653860	225.726186	210.561334	394.781278	388.041293	320.648095	330.994016	462.904013	553.352146	541.727633
6365	1.31375779285592	4.21218682542563	21.3052187554516	0.000216290857136365	0.00303692873759358	chr15	99536340	99537840	chr15:99536340-99537840	146.283878	125.578016	121.851605	180.940655	190.034366	102.422378	344.050455	218.81779	351.464885
1106	1.43249196355052	4.00872182210014	21.1947347109801	0.000222053637112338	0.00309495305443061	chr1	191426110	191427610	chr1:191426110-191427610	132.586808	84.793597	94.648596	183.120758	163.126848	96.095144	264.293268	221.645405	300.198182
18667	1.13314627714828	4.52100371415721	21.0248378884573	0.000231252181150947	0.00319874301528327	chr9	58078010	58079520	chr9:58078010-58079520	161.35049	207.905662	174.009465	184.029007	198.16269	175.086818	442.769414	421.539696	242.351687
16471	1.71113680483453	5.06239328496512	25.6501571923075	0.000232358813977113	0.00320724083275612	chr7	139919540	139921130	chr7:139919540-139921130	173.814698	102.814602	189.74675	400.57643	447.337783	428.275426	323.133775	772.713958	319.38893
7054	1.10436688069629	5.03821770694884	21.3868955635509	0.000233123760850195	0.00321326086446901	chr17	6699100	6701610	chr17:6699100-6701610	259.831709	171.863594	261.688737	451.806649	349.237215	264.854548	587.426697	332.576946	470.036485
12249	1.53236889163693	3.89150398459667	20.9006356908774	0.000238245457842965	0.00326085957530864	chr4	136866020	136867520	chr4:136866020-136867520	107.932311	71.704652	115.107046	150.420563	112.675259	71.181554	285.405494	277.763837	230.289005
3728	1.22890666329762	4.41712514416503	20.8788354024982	0.000239497086985539	0.00326655308104143	chr12	86364580	86366240	chr12:86364580-86366240	175.869236	151.755895	148.829843	135.887126	272.999233	128.9177	327.629907	351.500669	361.882894
13789	1.26121184335246	4.15099129450286	20.8328584264109	0.000242160878013626	0.00329808163598394	chr5	120292540	120294040	chr5:120292540-120294040	144.640126	95.985602	133.991824	191.840707	166.490328	131.290363	230.670266	260.580275	347.626796
18815	1.1892966720985	4.22961058393284	20.7913849626594	0.000244592095057428	0.00331522364625342	chr9	75607740	75609240	chr9:75607740-75609240	135.326172	159.723107	134.891077	183.120733	119.402131	155.808459	369.85383	260.580269	283.474865
1348	1.22783258185525	4.23083617085041	20.7552533630121	0.00024673235203854	0.00333728984124101	chr10	60615440	60616940	chr10:60615440-60616940	90.400134	126.716198	138.937842	267.414152	225.35052	158.972081	254.910214	233.173483	291.151056
7304	2.18893215262863	3.5988290209148	20.4188029076724	0.000267695671666955	0.00356410892556582	chr17	31739560	31741060	chr17:31739560-31741060	33.968538	18.210706	20.233646	360.42795	257.863736	118.240511	136.838332	57.423356	115.144408
9255	1.01979991473217	5.02188737466524	20.4181223412057	0.000268233973132525	0.00356641701011919	chr2	35295500	35297180	chr2:35295500-35297180	286.814813	284.542353	258.541216	297.207811	304.951895	147.701795	494.963509	446.771197	630.279327
11225	1.29634431829837	4.0867193320666	20.3191882386514	0.0002742778224891	0.00362524353404689	chr3	157694720	157696220	chr3:157694720-157696220	139.709303	124.06048	102.517233	154.780618	171.53545	99.258728	288.53324	224.473114	327.339433
14111	1.16212609135109	4.23135979377004	20.2679228869121	0.000277735396388606	0.00365298675801838	chr5	139713020	139714590	chr5:139713020-139714590	177.512908	111.825133	132.530471	175.12729	191.295623	134.750671	316.096243	262.646459	301.020755
8567	1.21276559210911	4.47833511259071	20.2418491695776	0.000279512546150285	0.00366312106866205	chr19	24069320	24070940	chr19:24069320-24070940	138.065531	129.75131	180.75408	287.760841	173.21716	248.344364	246.308693	434.590263	286.216515
8451	1.00064198384659	5.06113420125161	20.205563503373	0.000282520824533871	0.00369355820435753	chr19	6480340	6482480	chr19:6480340-6482480	243.258359	233.704136	258.541287	444.721638	427.156991	222.244554	489.489703	370.20671	514.312361
5717	1.009469351995	5.04707819318909	19.8334209611964	0.000309622842567469	0.00396479030952122	chr15	37278820	37280380	chr15:37278820-37280380	144.914057	152.13529	283.721041	486.142116	492.463879	473.158963	333.10324	402.616099	353.932364
12761	1.44702474061011	3.94301977135345	19.8018022771581	0.000311501411136025	0.00397927783049256	chr4	154727160	154728660	chr4:154727160-154728660	115.054691	108.126082	62.499478	178.760685	134.537608	139.990428	189.227852	222.297975	316.921533
12151	1.20115588916265	4.5515336972595	19.771551256417	0.000314403720235902	0.00400588051630423	chr4	132791620	132793900	chr4:132791620-132793900	218.05594	174.519323	144.108677	251.790976	202.92756	119.624609	394.094122	279.721381	479.494739
9636	1.30026459922283	4.08646248393094	19.7221096346372	0.000317720511920287	0.00404286940461068	chr2	117115900	117117400	chr2:117115900-117117400	50.952809	56.908445	36.870208	405.481605	392.401345	289.471535	96.1778	109.191403	127.755463
5635	2.43257733841074	4.46756348867201	25.3965543742023	0.000327741041166671	0.00413520871971155	chr15	27746980	27748570	chr15:27746980-27748570	73.963765	116.567504	57.328696	309.379596	228.573759	76.816761	548.91665	225.778234	477.9868
3218	1.14156742580508	4.61272353944904	19.470073755729	0.000338318545037787	0.00421174265144176	chr11	117877560	117879540	chr11:117877560-117879540	165.459618	208.664406	195.592073	313.194297	164.808573	138.01318	394.876051	354.110766	424.389834
3729	1.31516772177551	4.16881202951796	19.3854353939662	0.000345566329829956	0.00427745023212571	chr12	86367640	86369140	chr12:86367640-86369140	99.714025	161.999485	130.394733	194.747416	110.993535	119.822341	235.361812	363.246296	311.438446
9009	1.13820875684756	4.28448669002676	18.9925695307059	0.000381554921281269	0.00460338946693975	chr2	24705470	24706980	chr2:24705470-24706980	126.56016	138.572125	116.006316	256.332686	243.429008	190.015237	318.833157	179.774221	284.982621
629	1.77373814217893	5.18080648549942	24.1906380931854	0.000394252747190736	0.00471568843638647	chr1	133281820	133283960	chr1:133281820-133283960	285.993004	216.631538	138.038545	417.834836	279.726099	123.776836	686.536794	592.504769	764.340418
7692	1.3270978791431	4.87558405530721	20.316285878144	0.000398324845742505	0.00474045462150832	chr17	83163260	83167580	chr17:83163260-83167580	161.898338	128.992532	187.72342	513.028683	367.455904	303.905515	223.241929	553.569988	339.676314
4680	1.02351467249158	4.45368553870342	18.7912097147248	0.000401606590216028	0.00476877327203661	chr13	94602500	94604000	chr13:94602500-94604000	164.911645	220.42544	154.675076	205.647443	187.792081	153.435761	295.570706	300.16762	430.969416
2201	1.05714179132144	4.43844711489588	18.6710303339379	0.000414132669435341	0.00488486603748566	chr11	52747230	52748730	chr11:52747230-52748730	179.430499	134.873088	199.189211	206.737435	172.09602	195.551633	286.187361	424.367344	282.652459
6632	1.55953586283317	3.94138061000992	18.6673981640629	0.000414517967062265	0.00488646180110493	chr16	20695380	20696900	chr16:20695380-20696900	138.887416	118.17991	49.235269	124.260451	108.751233	94.117832	266.248061	211.639899	366.543601
5746	1.5020265088482	4.28621592755041	19.168199034943	0.000419018927345669	0.00492819259183766	chr15	55313200	55314700	chr15:55313200-55314700	99.714076	107.367289	176.257656	196.200727	139.022204	141.176764	261.165694	531.601274	214.387994
3811	1.23325454997379	4.25064518607815	18.5597947376003	0.000426115797233565	0.00498410129080193	chr12	102558760	102560260	chr12:102558760-102560260	104.644983	119.887118	195.142465	182.394044	148.551946	155.413054	233.79801	289.291925	400.264268
8021	4.82434842826298	3.56240097894701	23.5296424235355	0.000433874449040605	0.00502374176925273	chr18	38593540	38595040	chr18:38593540-38595040	0	3.414508	12.140189	264.507525	249.45518	139.199481	39.878599	317.568557	59.765442
8018	3.18911370969207	3.51483961488333	20.7177602773705	0.000437296878441413	0.00505438645129356	chr18	38573880	38575380	chr18:38573880-38575380	29.037623	25.039716	14.838004	139.520577	157.521118	117.845002	76.629465	448.076324	57.023907
6137	1.34004726780706	4.07749046419763	18.4097010120897	0.000442902452116996	0.00510709641688891	chr15	85520640	85522140	chr15:85520640-85522140	77.251013	121.025349	120.053073	202.014088	209.654446	125.7541	276.804333	174.880253	302.665607
1814	1.45154276941211	3.90250586050695	18.3997559831544	0.000444040495558521	0.00511499094258288	chr10	120740900	120742400	chr10:120740900-120742400	73.963766	81.948181	103.4165	187.480681	197.321818	113.890523	297.134587	157.479241	207.260037
18661	1.09239711461653	4.15783406707409	18.3341842894585	0.000451626228288889	0.00517714641167527	chr9	58029500	58031000	chr9:58029500-58031000	134.77837	144.168105	155.12473	155.507294	151.354819	113.890465	308.081602	239.263992	316.921566
15990	1.31511791310444	4.97959025506416	20.1939143063989	0.00045250254657423	0.00518111439530951	chr7	79841820	79844360	chr7:79841820-79844360	230.109271	226.116322	160.970011	419.288282	405.855147	152.644931	447.265663	423.714811	563.11175
17828	1.79167478086718	4.41157074647464	20.6106602061823	0.000462697509334839	0.00528485210800717	chr8	117247320	117249210	chr8:117247320-117249210	147.516614	140.1845	83.632441	201.105667	154.718245	119.822334	553.803886	154.10776	495.532758
16470	1.78688362835652	4.71000225229642	21.7627029587698	0.000469139770271847	0.00534343636944245	chr7	139911260	139912780	chr7:139911260-139912780	130.395335	88.018399	151.078011	352.798054	294.020718	279.782945	193.919453	677.552231	311.712681
10349	1.1036946615486	4.20043007675742	18.1699145449828	0.000471272477002385	0.00535309826044527	chr2	172721260	172722760	chr2:172721260-172722760	143.544416	124.060467	175.358344	163.500658	117.15984	156.994911	257.256067	308.86814	321.856153
3957	1.04101701860422	4.4722241168294	18.1687312490366	0.0004714174107207	0.00535309826044527	chr12	108416460	108417980	chr12:108416460-108417980	144.64011	225.167873	155.574326	230.354029	222.547652	147.108567	367.899381	290.379489	350.916572
15497	1.42038924988597	4.26971729473193	18.2104050809734	0.00049606645336414	0.00555304629496112	chr7	25022660	25024160	chr7:25022660-25024160	156.145663	142.271146	88.128821	236.167606	163.126851	100.840554	372.982022	199.676655	394.781363
5120	1.33750959059918	4.19202578725251	17.9320951991405	0.000501425947675128	0.00559607035477236	chr14	32375640	32377140	chr14:32375640-32377140	148.475277	105.849723	141.635672	189.660699	163.126856	77.113386	235.361923	302.77771	396.974523
915	1.96190868055247	3.44802318292201	17.9305574527697	0.000501627795423954	0.00559607035477236	chr1	172414100	172415600	chr1:172414100-172415600	23.010944	46.285526	20.233627	244.887535	213.017883	136.431347	75.847534	152.693883	97.050292
628	1.67095513211369	4.44731183435753	19.8760811744135	0.000513907882801297	0.00570700543713145	chr1	133279500	133281420	chr1:133279500-133281420	209.015937	107.557009	102.517226	239.437519	125.288157	79.090633	544.616059	342.147452	354.206462
18766	1.3769299642743	3.87981319364432	17.7418496957167	0.000527100014446443	0.00580077127384894	chr9	66661340	66662840	chr9:66661340-66662840	123.272873	114.955104	70.143307	142.427213	131.734748	81.858807	268.202984	238.393971	239.610169
3099	1.06391777839188	4.37495351193171	17.7353569894713	0.00052800173059626	0.00580579155512446	chr11	114014460	114016100	chr11:114014460-114016100	200.523871	113.816938	169.063512	178.397356	223.668792	165.497164	342.095643	257.970105	342.417852
7047	1.12180250962964	5.00256944669829	18.5424652742579	0.000530750760338976	0.00582128148755628	chr17	6521040	6522760	chr17:6521040-6522760	272.295961	233.893855	179.405154	360.791462	382.311019	255.660258	579.021034	264.712983	550.500537
5711	1.06933062619292	5.27948651635247	18.5452758926947	0.000540111263966465	0.00588104437561257	chr15	37202510	37204020	chr15:37202510-37204020	277.774962	300.476809	296.760511	510.122162	391.841092	249.135038	411.687555	771.300161	525.141413
7471	1.11019304123117	4.64041998759006	17.6971487438118	0.000541687246833481	0.00589038194304306	chr17	45850880	45852380	chr17:45850880-45852380	159.432977	232.186613	168.1642	287.034435	232.07737	188.631113	419.897931	227.083323	484.703522
16200	1.0259464353263	4.27979176061426	17.6216241345797	0.000544079486163823	0.00590779642059551	chr7	112270660	112272160	chr7:112270660-112272160	138.065592	154.79107	101.168306	246.340913	255.060909	202.867311	254.910042	238.828974	254.414488
17318	1.31655179635658	3.99869222216321	17.6190416582488	0.000544450842229126	0.00590797275342545	chr8	71641880	71643380	chr8:71641880-71643380	140.257137	111.919995	94.873375	172.220712	127.810729	82.254267	222.069018	278.416232	305.95542
3924	1.03637640840749	4.33779117772709	17.4107488844576	0.000575355320299441	0.00616181903301511	chr12	107934750	107936250	chr12:107934750-107936250	129.299591	143.788751	136.240005	253.607647	302.709628	175.383444	277.195286	215.990095	290.87696
15991	1.07525771539256	5.70639012268662	19.2220626274661	0.000576228666981079	0.00616441669192402	chr7	79846790	79849020	chr7:79846790-79849020	484.599014	466.459645	308.900658	500.493648	554.827833	267.425103	796.007062	655.692488	1029.172881
17117	1.62052055142625	5.76249889727444	23.0941430462125	0.000579239979230992	0.00617813600691214	chr8	34688700	34690440	chr8:34688700-34690440	154.501955	185.901011	308.900619	879.270317	862.162117	844.291511	396.439784	963.581504	495.121545
2693	1.19040542077159	4.4674059026782	17.2071357440887	0.00060838318163455	0.00638386850485657	chr11	93608420	93610000	chr11:93608420-93610000	86.017131	89.156611	161.419647	399.66811	408.658028	220.66267	241.617227	262.755401	211.098245
13424	1.04513065876415	4.58071549224154	17.1761143014875	0.000612534284651262	0.00641488823360944	chr5	110601870	110603370	chr5:110601870-110603370	127.929899	193.678467	229.09005	197.290741	295.982728	192.190217	317.073873	311.91329	433.98533
17829	1.64994794001276	3.57297810294913	17.1245689480671	0.000621056347724981	0.00646823712588101	chr8	117250370	117251980	chr8:117250370-117251980	98.618309	65.160195	49.909658	87.200356	127.810729	80.375861	255.691906	135.727946	234.949717
14183	1.21902384314341	4.74770295522576	17.8465130028421	0.000640940691716164	0.00661414246018608	chr5	146685420	146686920	chr5:146685420-146686920	206.550462	232.186565	165.016762	231.080895	315.042299	130.104086	536.405822	285.376704	491.283284
14140	1.15509660513372	3.98269076195226	16.9857044232099	0.000644680711797432	0.00664571967936752	chr5	141993860	141995360	chr5:141993860-141995360	102.453505	122.54282	108.812126	168.587247	181.065192	131.290446	252.564332	227.953354	212.194814
9094	1.09168540639329	4.22611481647114	16.843202419779	0.000669971322385838	0.00684575505678301	chr2	28761560	28766000	chr2:28761560-28766000	157.515301	171.863564	131.518803	124.98714	169.012872	132.279124	380.801296	224.038083	311.712678
1020	1.07151762008262	5.19181975722225	17.6626331090718	0.000673481136069079	0.00685940010655037	chr1	182954140	182956480	chr1:182954140-182956480	342.424365	313.755369	168.613862	453.441669	362.130375	261.394455	646.65817	422.409679	546.662374
10959	1.06152002352143	4.51959704062432	16.8102725385051	0.000675971818102772	0.00687759978387229	chr3	105565880	105567390	chr3:105565880-105567390	162.03533	147.203223	192.781873	304.656161	262.348335	150.964201	399.567816	260.580268	316.784556
10268	1.22684731737433	4.47926663367734	17.0123186346656	0.0006786907234439	0.00690167023398077	chr2	168555910	168557530	chr2:168555910-168557530	212.851153	126.716162	98.245664	301.204421	292.619311	144.735904	299.480294	305.387819	350.094207
16878	1.01331181549271	4.94531646137676	16.9851136884578	0.000685399587754465	0.00695903113904469	chr8	14790680	14792990	chr8:14790680-14792990	163.131095	191.591881	185.025629	493.227261	409.639076	450.717244	252.368852	503.759411	255.64817
6952	1.17204362801673	4.05550884090767	16.6175633895947	0.000712312715562683	0.00717292281228674	chr16	93919000	93920520	chr16:93919000-93920520	147.379551	106.03943	122.526084	136.977166	143.506799	147.701764	293.615764	181.6232	316.373287
10068	1.04774074959618	4.48796859916848	16.5501872211895	0.000725528719187799	0.00728323513945841	chr2	163438480	163440140	chr2:163438480-163440140	245.449843	145.685648	150.178779	234.714094	190.034374	153.040401	264.293373	393.262999	384.911703
15501	1.06109413407905	5.53448870368425	17.9316301659911	0.000727532456514125	0.00729585523990179	chr7	25114810	25116720	chr7:25114810-25116720	354.066927	455.457585	314.970736	509.57655	430.800636	233.811598	844.486964	524.531978	822.872106
6018	1.09511470736236	4.05712578888843	16.5168833866275	0.000732162235389004	0.00731837767994418	chr15	81216360	81217860	chr15:81216360-81217860	147.379494	139.615455	108.362466	154.053864	146.870232	115.076857	267.421011	239.699025	280.733235
4077	1.02287155540739	4.44674392472745	16.179170639449	0.000803390685434169	0.00776220560444048	chr12	112341960	112343520	chr12:112341960-112343520	174.22565	155.929214	167.489717	166.044001	308.31536	175.383421	263.120484	355.850839	323.227138
13049	1.50732807716809	4.45823966637002	17.4800993616464	0.000804795061001065	0.00776776269988435	chr5	36278380	36279920	chr5:36278380-36279920	191.209808	86.500867	63.398776	285.580944	371.099575	183.885713	303.389986	228.388331	373.397301
3901	1.29692105699316	4.80936354083813	17.622143362165	0.000813313105682592	0.00781679838575323	chr12	106442820	106444320	chr12:106442820-106444320	213.125016	133.545228	253.595298	218.000751	241.046542	262.976276	315.90088	714.312092	337.75722
5716	1.6719701663969	3.67936934801497	16.094812439423	0.000822368562821571	0.0078707771820635	chr15	37262240	37263740	chr15:37262240-37263740	30.681268	39.835927	59.352067	215.820808	306.633711	151.853924	91.486187	187.060947	106.919879
11934	1.27317836657664	4.82298016758576	17.4232709102296	0.000837983220230093	0.00795067089291125	chr4	125170860	125172500	chr4:125170860-125172500	218.603736	241.481628	114.207777	322.641095	347.835828	176.569772	538.751681	296.25237	460.578263
16844	1.14966714150633	4.1988186063819	15.996244042013	0.000845179971529705	0.00798666130670487	chr8	13035020	13036520	chr8:13035020-13036520	186.279014	116.852015	126.797633	182.394024	172.096031	94.5133	326.065945	283.20155	278.539984
8029	1.11137957079993	4.10079551629095	15.9959124620394	0.000845257890547422	0.00798666130670487	chr18	38787780	38789280	chr18:38787780-38789280	122.724977	88.018421	82.283556	239.800914	287.013689	207.612757	179.844613	224.038127	185.327657
16264	1.46137918999755	3.54466230793801	15.9517423154908	0.000855709612001432	0.00804852953155341	chr7	124955610	124957110	chr7:124955610-124957110	92.591637	76.25736	77.337554	97.010371	70.632257	71.181541	220.114179	150.08378	264.009846
17950	1.22675023648499	5.01947676427177	17.3670829333525	0.00086046048917221	0.00808154745837138	chr8	120548720	120550240	chr8:120548720-120550240	223.808672	124.819242	87.904034	487.958487	570.103175	589.026919	381.974261	210.117292	361.060363
12949	1.21203219297241	4.08499120434607	15.8688191816738	0.000875723166022995	0.00818164879537257	chr5	33228940	33230440	chr5:33228940-33230440	115.602627	98.641353	158.272229	167.13392	177.141184	105.58602	242.399199	338.01474	222.064385
16085	1.34436051908271	3.94582117848898	15.7260987326142	0.000911404285482282	0.00845438859029483	chr7	99163990	99165490	chr7:99163990-99165490	115.328674	103.004297	95.322992	166.043937	168.732591	83.045159	279.541126	159.2193	306.229553
1491	1.07703343901961	4.48602618667215	15.5448463213846	0.000959079843613098	0.00874310426465391	chr10	77741340	77742840	chr10:77741340-77742840	202.16746	96.364992	228.4156	204.920744	222.547621	165.29941	304.172002	330.619429	402.457579
8501	1.40139697978376	3.95345878297623	15.4712901538105	0.000979216673150447	0.00887287430538966	chr19	10271730	10273230	chr19:10271730-10273230	119.985677	117.041764	103.641331	175.490665	81.563434	55.165714	281.105005	254.48986	304.310382
625	2.02832383576037	3.63427028740038	15.8681777860198	0.00098592982242128	0.00891716722777599	chr1	133268120	133269620	chr1:133268120-133269620	65.745535	98.641336	31.02493	146.060568	55.496779	46.66345	372.981813	157.044175	213.839799
13579	1.32756705718279	4.40058299410087	15.7668984908885	0.00105627222633895	0.00939432532864565	chr5	113639470	113641160	chr5:113639470-113641160	209.152902	115.619047	123.762555	293.755994	101.463787	138.507407	335.44924	334.969555	378.606177
6096	1.05058607947461	4.23213394555744	15.2023913752925	0.00105695172154985	0.00939432532864565	chr15	84237120	84238620	chr15:84237120-84238620	168.19894	152.894084	112.858834	160.59389	218.62361	150.667601	268.203134	338.014791	229.192291
1193	1.40255575975137	3.67098648877934	15.1888916254664	0.00106103216147412	0.00942202344207712	chr10	22877020	22878520	chr10:22877020-22878520	66.293453	80.81001	118.704113	93.740335	90.252318	111.913245	191.573588	278.851315	183.682858
13859	1.19042012357154	4.65175907524273	15.8435840826158	0.00107013027109683	0.00946840024834202	chr5	121916330	121917830	chr5:121916330-121917830	228.465672	227.444185	109.936213	199.83405	315.602942	136.233618	353.824639	404.791194	445.773896
3220	1.33231732828905	4.22375618880013	15.2804542664321	0.00107652809706937	0.00950349668347822	chr11	117917980	117919480	chr11:117917980-117919480	146.283827	135.821532	82.283544	281.221056	175.459559	109.540545	347.178224	190.106093	319.663151
18396	1.07163820315799	4.25993934874671	15.1257577878995	0.0010803499998499	0.00952862849596852	chr9	36946020	36947530	chr9:36946020-36947530	153.269339	166.077881	96.896766	222.542468	239.084533	138.210868	287.555918	271.673379	255.648147
10729	1.00560298076772	4.33217348770838	15.0477066139285	0.00110477733470385	0.00968569234827522	chr3	80335630	80337210	chr3:80335630-80337210	151.214732	167.69027	133.542147	269.230869	194.799181	163.519798	215.813481	341.930071	288.683804
2942	1.39156131535185	3.70538842881225	14.9902161441388	0.00112316444023596	0.00980448815739695	chr11	101949960	101951460	chr11:101949960-101951460	77.798926	68.290175	97.121547	124.987139	173.217172	103.213258	225.196693	230.128558	137.625007
7033	1.09554978760197	4.00017172462188	14.9322021788075	0.00114206612138872	0.0098999111192748	chr17	6410620	6412120	chr17:6410620-6412120	111.76739	153.652854	125.448691	121.353822	133.416465	113.495077	301.044134	205.331936	273.605411
11958	1.00476029758351	4.30926583296021	14.9253138444284	0.00114433392615843	0.00990084399591258	chr4	125320880	125322710	chr4:125320880-125322710	103.001362	166.267591	193.905941	198.380691	176.580601	193.574267	324.697578	270.694555	271.412102
516	1.02868677009741	4.28104215929461	14.9148906607674	0.00114777505725534	0.00992183259356731	chr1	119388800	119390300	chr1:119388800-119390300	101.905613	114.196315	78.686461	365.514713	258.98489	338.903173	171.243398	229.258391	159.008967
4108	1.2551699415126	5.5395195485567	17.4147598832826	0.00116348522149466	0.00998696471414715	chr12	112599520	112602420	chr12:112599520-112602420	483.77704	376.734117	230.214124	384.408035	431.080894	185.467481	808.517987	640.79261	981.469911
