regionID	logFC	logCPM	F	PValue	FDR	V1	V2	V3	V4	DMSO1	DMSO2	DMSO3	PDsiNanog1	PDsiNanog2	PDsiNanog3	t2i1	t2i2	t2i3
2076	3.45862803812537	9.36634519542351	2390.71132793976	9.79727959167847e-54	5.77157740745779e-50	chr17	6478180	6480540	chr17:6478180-6480540	1413.67481	1555.025138	1463.590332	421.881055	426.595808	440.888548	4631.710291	5293.894124	5177.279932
5235	2.2480392562885	8.47624092874279	719.731781190624	2.57137186286123e-37	1.08199654600825e-34	chr8	72329260	72331000	chr8:72329260-72331000	593.657106	592.25868	557.873905	522.722814	518.660894	521.117199	2482.37603	2692.244347	2729.934658
1390	1.89150977342069	8.86556204718389	637.459475099051	1.0092316289975e-35	3.3029908480135e-33	chr13	66710440	66711970	chr13:66710440-66711970	1854.228204	1813.735703	1983.22244	584.905613	601.740603	589.323483	2400.659819	2264.952405	2338.215588
643	2.57787136347443	8.05639495956158	613.951482967274	3.11755604874121e-35	9.66606457007078e-33	chr11	12465900	12468160	chr11:12465900-12468160	1034.717515	974.509961	1060.812818	209.52473	232.236291	264.483979	1565.996565	1536.502935	1376.645038
3929	2.29169461400233	8.42264670105736	608.098067346131	4.15351388192542e-35	1.22341751392113e-32	chr5	113328960	113331100	chr5:113328960-113331100	1242.067265	1131.324748	1439.67448	415.129268	360.51912	325.820772	1886.276612	2060.33134	1802.122092
4807	1.55596392189146	9.19296909434764	519.397245569901	4.48645874877105e-33	9.78878832926305e-31	chr7	65872940	65874440	chr7:65872940-65874440	2054.73319	1969.74405	2196.45101	931.754029	1042.851032	914.65375	2935.626079	3198.133271	2914.223095
2075	2.03596752805915	8.3970321119471	507.203425784564	9.0227520007687e-33	1.76139747638769e-30	chr17	6474780	6476820	chr17:6474780-6476820	1155.121772	1325.904636	1165.000028	395.309138	397.013461	479.162598	1876.396088	1776.666284	1883.862889
5010	1.98557149048115	8.41779059984304	506.704715723908	9.28723249822404e-33	1.76139747638769e-30	chr7	144853480	144854980	chr7:144853480-144854980	1241.559813	1284.45564	1272.50172	469.143835	421.895883	413.164297	1913.446459	1783.6173	1794.903576
1391	1.95971659909402	8.39882459087432	494.555220609206	1.89230313005892e-32	3.37804779975063e-30	chr13	66713560	66715260	chr13:66713560-66715260	1340.418251	1465.44946	1637.866652	346.304108	401.436839	418.071202	1611.280053	1598.618466	1609.765852
2482	2.92400251098968	7.38222550063591	483.287902328397	3.71285855709197e-32	5.91147290806184e-30	chr18	75343650	75345580	chr18:75343650-75345580	510.894896	464.803438	437.822088	144.837796	121.0946	151.378912	1094.632534	1174.353029	1102.865982
3919	2.01236621945043	8.20942587932669	482.069087639376	3.99698248360008e-32	6.19637468707581e-30	chr5	110800620	110802120	chr5:110800620-110802120	704.682836	801.115025	713.207191	450.412781	429.084176	448.003707	1795.708264	1982.295419	1926.113875
5055	3.19368764494801	7.09331219175568	479.263757837854	4.73928686570232e-32	7.15875357073138e-30	chr8	13977520	13979020	chr8:13977520-13979020	115.588224	127.109981	152.965411	149.411682	101.18866	113.350234	1057.993971	1241.850058	1255.625554
4167	2.87926335212804	7.47413622986017	478.783729035808	4.87989266406355e-32	7.1868619209996e-30	chr6	29990360	29991860	chr6:29990360-29991860	204.307229	209.54721	220.213368	204.297533	160.353576	198.731036	1712.55108	1444.115457	1239.914616
5798	2.57682185309299	7.70152169259417	476.773713741504	5.51695337061065e-32	7.92692007469935e-30	chr9	110954540	110956040	chr9:110954540-110956040	804.048131	778.318441	851.491394	202.119518	159.800662	184.500877	1231.719328	1127.93547	1105.30694
5513	1.80518237625076	8.51239573086845	455.414185244366	2.0917666195428e-31	2.73835492349481e-29	chr8	124234860	124236400	chr8:124234860-124236400	927.241199	779.699866	1018.190835	617.249099	604.367112	618.765196	2341.584769	2234.791507	2260.083971
403	2.01581332700533	8.10209772153654	453.302084865378	2.39350133361669e-31	3.06524268615999e-29	chr10	77602460	77604880	chr10:77602460-77604880	884.655978	881.48014	927.737399	361.332109	347.801459	394.027369	1526.475821	1677.775114	1543.948245
2914	3.3818180569101	6.82081078165611	449.773011197331	3.00157135946877e-31	3.76218231460224e-29	chr2	116062500	116064000	chr2:116062500-116064000	270.71977	300.274285	309.245885	73.181231	79.070876	66.243636	712.190857	863.778491	857.324363
2753	2.37582030747495	7.73855461577605	426.63677326217	1.37746995871155e-30	1.59111284838622e-28	chr2	26610540	26612040	chr2:26610540-26612040	303.672557	361.526522	346.184868	345.868449	267.071694	260.06775	1635.980217	1514.527454	1672.185707
354	1.5919491071178	8.77222136161063	425.690232755449	1.46829567628847e-30	1.66340958250295e-28	chr10	61407360	61409020	chr10:61407360-61409020	926.734219	841.412467	933.65793	942.644728	760.849745	906.311808	2643.750762	2959.988886	2774.94594
32	2.62630964531954	7.33402845526939	418.638624515267	2.37196516332729e-30	2.54059032312019e-28	chr1	39526760	39528260	chr1:39526760-39528260	281.872898	296.589859	316.82309	177.290213	175.835999	197.258921	1099.984386	1169.195531	1349.043361
4089	3.06563889856595	7.25273281901443	415.672806671256	8.95714687540309e-30	8.51073423274187e-28	chr5	139325860	139328020	chr5:139325860-139328020	559.943828	509.591313	545.324168	71.221017	136.853447	106.725825	807.698351	1012.226937	992.355775
3714	1.49910761986927	8.66035323077604	362.445322635976	1.42046902186544e-28	1.23058573644255e-26	chr4	149944580	149946080	chr4:149944580-149946080	1046.884544	954.246015	1048.499767	758.384092	749.791003	881.286707	2367.108453	2579.674996	2235.667456
3274	2.24870106939275	7.60575033925363	354.649181938615	2.61404340000932e-28	2.14514497240823e-26	chr3	96329980	96331480	chr3:96329980-96331480	433.962836	554.494249	429.534413	268.33102	261.542269	239.458534	1318.993253	1345.449513	1228.024464
3104	2.27796672965046	7.44723042659864	346.097105804683	5.17128259324063e-28	4.17315421325761e-26	chr2	173280850	173282520	chr2:173280850-173282520	622.554253	630.944525	676.386628	174.785465	189.659629	200.203066	892.914165	986.999246	1036.517271
1229	1.7305188755394	8.18449777393511	332.463554998941	1.58096316490488e-27	1.20953948109801e-25	chr12	102706120	102707980	chr12:102706120-102707980	878.572301	946.877159	1022.45279	507.477116	453.413609	403.350522	1646.683523	1620.818205	1552.441303
4806	2.78975950216341	6.88211792641652	331.360930379279	1.73339562093447e-27	1.29258653201582e-25	chr7	65865080	65866580	chr7:65865080-65866580	383.773303	321.459338	366.548665	84.942504	103.400438	122.182687	774.764336	788.43349	719.320268
3021	1.96829120974698	7.80976196716254	321.720301192954	3.91954037904372e-27	2.79478420120744e-25	chr2	155589530	155591130	chr2:155589530-155591130	443.088151	468.372709	378.861757	361.114348	326.236637	423.959683	1537.17934	1522.151892	1560.508603
3840	1.77891162698609	7.97676413007613	308.543530551519	1.23624846501336e-26	8.09193300821523e-25	chr5	38687250	38689780	chr5:38687250-38689780	527.498036	709.236978	710.48407	394.873492	423.554659	453.523874	1385.684224	1674.63637	1590.763699
3584	1.29975978048032	8.84552286829293	305.264869990112	1.65565727010996e-26	1.07181065694701e-24	chr4	129976080	129977580	chr4:129976080-129977580	880.093493	819.767161	905.006086	999.272994	999.721348	1261.574231	2751.608992	2969.854949	2809.340305
1823	2.13419531498708	7.36959236980583	298.156233561331	3.14728654917063e-26	1.9313192772046e-24	chr15	85027220	85028720	chr15:85027220-85028720	138.908648	133.557656	158.17476	304.485997	240.530407	297.360534	1187.258866	1453.085489	1302.759638
4887	3.16814611349567	7.18147522047029	401.567202180515	5.07679058242806e-26	3.08323436299832e-24	chr7	105403860	105405360	chr7:105403860-105405360	247.399364	175.006547	202.217388	162.479674	99.529814	110.406076	1310.760363	1087.123074	1160.933761
3245	3.12462661145056	6.58295812503591	290.192573696784	6.56173571777506e-26	3.89344525085626e-24	chr3	89832560	89834400	chr3:89832560-89834400	261.087487	201.027264	264.729614	61.855557	83.217946	74.585441	801.111621	632.361044	598.725716
4266	1.62634755567161	8.0313277970735	289.972588098085	6.69783142205635e-26	3.9066262284489e-24	chr6	52312860	52316400	chr6:52312860-52316400	854.238109	873.190307	859.069073	412.515444	440.696	436.717625	1398.034146	1450.394648	1388.53441
3826	2.66734984449519	7.26190707370445	334.32556388476	7.22478101726044e-26	4.13215388084284e-24	chr5	35576460	35577960	chr5:35576460-35577960	342.201953	309.48518	392.595484	158.559254	116.118119	210.507652	1211.959552	1045.414257	1008.067113
1917	1.41676296159949	8.42982508737751	288.483153790795	7.69915629264683e-26	4.36112785769062e-24	chr15	102216580	102218080	chr15:102216580-102218080	1414.94227	1345.24752	1430.202474	549.294835	564.555166	566.26079	1442.494402	1725.763435	1613.162814
3531	2.23796988495022	7.61590696078239	322.489298016155	1.04513479166128e-25	5.6457194407701e-24	chr4	120270220	120271900	chr4:120270220-120271900	463.366827	395.146274	466.94707	333.889152	248.271637	214.678509	1247.773986	1484.030902	1283.863632
4379	1.99962670814509	7.58213729629211	285.146601199389	1.05419986162742e-25	5.6457194407701e-24	chr6	113396100	113398830	chr6:113396100-113398830	504.177679	448.339106	462.921673	267.242029	320.430742	279.695546	1339.988356	1219.089697	1125.477078
4189	1.67182522532405	8.13436124443244	284.385797374527	1.13298809526134e-25	5.95931506177192e-24	chr6	37434980	37436480	chr6:37434980-37436480	728.003211	754.370095	656.851733	462.174379	482.166608	564.29825	1861.576172	1564.309116	1669.214049
4367	2.08205531663047	7.58652158766372	280.120041495358	1.70218957332349e-25	8.35633231370724e-24	chr6	97063020	97064520	chr6:97063020-97064520	589.60132	773.252973	870.908268	269.202269	206.247949	199.712436	958.370091	1080.396062	1011.040148
1230	2.00993400157219	7.6119846714747	279.03533614421	1.88933601662899e-25	9.19841196195153e-24	chr12	102714920	102716420	chr12:102714920-102716420	691.501259	706.473812	656.851394	221.721644	311.307162	224.247241	1011.887368	1142.734987	1097.239581
2483	2.33084225305823	7.30007071525392	276.08539020962	2.51325360566866e-25	1.21357188450771e-23	chr18	75360280	75361780	chr18:75360280-75361780	629.651545	581.666441	852.438863	112.821034	169.200658	159.966124	731.127603	835.972593	800.848857
3695	1.58799937239438	8.04556463030495	275.438875724889	2.67632960329248e-25	1.27147239459645e-23	chr4	147127620	147129200	chr4:147127620-147129200	905.948165	889.770004	881.327202	404.675069	459.495919	448.494525	1351.927332	1467.885231	1380.466428
4366	1.63994161970905	8.01669398753654	273.16809077159	3.34080465362424e-25	1.56195874718257e-23	chr6	97059530	97061240	chr6:97059530-97061240	765.011696	809.865627	980.778067	395.200381	452.584199	423.591539	1300.673802	1359.576485	1557.960732
5280	1.67844807742807	7.96001242090247	272.648840840399	3.51532168975703e-25	1.63061102947706e-23	chr8	84183720	84185520	chr8:84183720-84185520	735.607427	748.613047	759.381062	454.333345	424.384106	366.548546	1263.417953	1575.072953	1418.257783
2457	1.57141751881411	8.04536361695486	270.159328879963	4.49225191815274e-25	2.0356812346029e-23	chr18	61038800	61040640	chr18:61038800-61040640	429.400125	449.260071	435.454037	486.785862	617.084859	568.714252	1715.844542	1857.842016	1715.922566
178	1.34761904708819	8.54203833321908	261.412499630315	1.07900796713633e-24	4.81548176848493e-23	chr1	132884120	132887120	chr1:132884120-132887120	889.725419	730.422067	942.655139	789.31253	846.832397	808.663667	2284.773547	2109.664714	2216.771501
5332	2.12235858953635	7.34262879269076	258.247690718326	1.49018283637382e-24	6.60050157073548e-23	chr8	94919390	94920890	chr8:94919390-94920890	157.666422	233.265217	197.481663	293.160384	285.042335	221.303015	1297.99851	1203.280428	1204.24588
3105	2.54167171776661	7.20125851626359	292.092902494895	2.19306757472371e-24	9.36185585702709e-23	chr2	173283940	173285440	chr2:173283940-173285440	397.968412	493.702557	454.634004	176.418973	96.212146	176.649738	934.493122	937.329781	909.553377
4291	2.35113293572481	6.88346723443949	252.223675014117	2.77950382007282e-24	1.17798971252151e-22	chr6	72358100	72360760	chr6:72358100-72360760	204.3073	259.746521	230.15848	124.146677	183.024258	158.494069	771.471182	903.693757	856.899969
1990	1.85923390499194	7.49365960534907	251.890089196828	2.87812103965932e-24	1.20248305281086e-22	chr16	23096240	23097880	chr16:23096240-23097880	589.601385	578.903026	580.605456	251.778154	276.748091	261.294564	964.956844	1093.402013	994.691706
5250	2.23760475015731	7.18094909578469	251.952495123585	2.85940174004543e-24	1.20248305281086e-22	chr8	79031700	79033200	chr8:79031700-79033200	509.500915	549.42827	501.044704	157.688056	122.200459	208.054147	791.231568	803.233635	850.105975
4165	1.41273729061338	8.25054860610649	251.440700484048	3.01670243943591e-24	1.25150662469838e-22	chr6	29527480	29530020	chr6:29527480-29530020	1272.484581	1335.115216	1289.076753	473.064318	474.978413	483.333548	1359.337019	1351.728047	1341.82577
2189	1.67758115229352	7.81868219807441	250.220737390086	3.42864852094345e-24	1.4026505858943e-22	chr17	31299680	31301180	chr17:31299680-31301180	505.951993	387.777607	497.729488	410.773057	409.731055	466.159263	1403.798308	1566.103106	1410.190884
5012	1.40756636426434	8.21151124525147	249.186266105336	3.82322655336736e-24	1.55328466385428e-22	chr7	144866900	144868410	chr7:144866900-144868410	1042.828829	1010.316944	1008.600824	524.139188	515.066722	560.863146	1442.083669	1571.933725	1503.820656
5411	2.28251919012152	6.94582435212925	248.663001367652	4.0403471250659e-24	1.63025239135364e-22	chr8	111936640	111938140	chr8:111936640-111938140	206.335166	140.465789	191.325124	184.259833	158.141855	195.786755	852.98193	915.802617	1019.108125
2145	1.90473431439178	7.80399101825868	276.800368292536	4.68680593016266e-24	1.8782295057543e-22	chr17	26510740	26512270	chr17:26510740-26512270	495.812679	502.913457	358.616249	386.814848	354.713186	387.28029	1483.250004	1454.094703	1557.748168
4822	1.38248073944837	8.48955614625214	252.230740347119	6.59834959496594e-24	2.60878372241237e-22	chr7	79298320	79299820	chr7:79298320-79299820	952.081843	852.005415	799.398181	786.262737	793.473403	694.331939	2139.041842	2038.355849	2130.784307
839	1.60056437698207	7.90325874489714	242.2214843207	8.03619633525086e-24	3.11455477703703e-22	chr11	77464280	77467280	chr11:77464280-77467280	726.989376	776.015753	762.459293	414.258051	373.789772	434.018887	1139.916372	1532.915158	1281.739876
4088	2.31795880084683	7.08729702073338	241.051854332909	9.11899004012792e-24	3.51110917165971e-22	chr5	139323300	139324800	chr5:139323300-139324800	676.79959	538.835796	618.491693	142.006386	98.976806	131.505873	535.172309	783.051351	667.515716
5585	1.59941556038222	7.79681412410839	239.773624859354	1.04756422153189e-23	4.00727326561323e-22	chr9	35111340	35112860	chr9:35111340-35112860	599.487371	577.291152	573.738702	392.913409	402.54291	428.375902	1253.538146	1327.509817	1365.179777
1408	1.34725023005781	8.33012328110711	238.644170589652	1.18471701756658e-23	4.50268900031272e-22	chr13	73767140	73769260	chr13:73767140-73769260	887.190532	856.379998	856.227466	615.72452	621.231952	764.010409	1765.245382	1934.53212	1712.525653
4608	1.69124403497339	7.57827797383902	231.450738339122	2.62224262135767e-23	9.47707440639143e-22	chr7	19621700	19623380	chr7:19621700-19623380	341.694996	322.380389	330.793604	361.767805	387.060287	374.153974	1274.532738	1247.903951	1334.606696
3380	2.81328810089692	6.39730751265675	227.742115571474	3.97977413110683e-23	1.395526750378e-21	chr4	32241310	32244360	chr4:32241310-32244360	116.348628	142.998728	133.075208	65.558163	107.409249	91.269037	569.34074	747.397056	666.135633
5618	3.62625498451809	5.81518787321881	222.479429730682	7.26024219190254e-23	2.51588745602928e-21	chr9	48837400	48840320	chr9:48837400-48840320	59.314965	63.094412	95.6626	37.026204	44.51194	26.742816	429.784557	491.985883	509.341636
810	1.00219246609874	9.19141679069112	222.316454571577	7.39797429496159e-23	2.54862377611805e-21	chr11	72400540	72403060	chr11:72400540-72403060	2212.652971	2074.518201	2311.056645	1256.713948	1100.633845	1303.283414	2521.896459	2745.838032	2534.393433
5633	1.55661101784073	7.91600487757019	220.281598876378	9.36287663695591e-23	3.2067852481574e-21	chr9	57509860	57511360	chr9:57509860-57511360	768.560547	770.949646	783.29659	468.272672	346.142591	436.717741	1346.163678	1235.123047	1329.511028
1824	1.50133297912222	7.88808881247477	219.467178975067	1.02933498098211e-22	3.48494963963542e-21	chr15	85033320	85034880	chr15:85033320-85034880	519.640089	452.483899	587.708936	496.151428	442.354806	515.71934	1441.260253	1525.291626	1413.163035
4351	1.3345942899606	8.18797273902916	218.324412345848	1.17623121418259e-22	3.93703300156229e-21	chr6	91109960	91112760	chr6:91109960-91112760	645.114248	734.566978	753.461375	576.084455	646.667269	665.626435	1706.376052	1596.824414	1755.625
2779	2.57506902632855	6.51614165274739	217.985427467208	1.22383690927969e-22	4.05035013065542e-21	chr2	30803060	30804560	chr2:30803060-30804560	193.154012	190.665004	250.995855	96.703761	91.788582	113.350183	542.58234	646.712897	728.662105
3137	2.40270641192953	6.71549017549827	217.249722625105	1.33410851016703e-22	4.39063309128155e-21	chr3	9616500	9618000	chr3:9616500-9618000	243.343657	233.956076	175.697166	124.582302	149.847655	120.710625	760.767697	709.948771	752.441457
3585	1.18841258432453	8.88568439289963	238.953109878948	1.65840551089429e-22	5.36794882674631e-21	chr4	129978320	129979860	chr4:129978320-129979860	836.494083	674.23557	867.119319	1309.856796	1072.157014	1245.381887	2879.226247	3078.837017	2840.762882
869	1.70485309656891	7.49738932391708	212.480824722527	2.34669267336996e-22	7.47263056152565e-21	chr11	82930080	82932940	chr11:82930080-82932940	615.963663	657.195544	639.565876	268.766631	269.836416	284.602533	921.319358	1055.729274	881.103876
3103	2.17589358508634	7.53738572719227	255.760702336712	4.20482012826538e-22	1.31758486040486e-20	chr2	173278420	173280380	chr2:173278420-173280380	766.786117	751.146204	861.673986	227.602257	217.583237	131.015203	926.259572	1009.535344	843.948347
4584	1.37281976897322	8.02558143207592	205.269431342502	5.61660369668271e-22	1.75065673953216e-20	chr7	16310430	16314500	chr7:16310430-16314500	712.033933	825.523907	859.779612	502.467465	528.89032	483.210995	1372.304753	1493.337278	1311.676289
1576	1.51947268437418	7.77747843224977	203.146279801349	7.29447262314466e-22	2.24982922633221e-20	chr14	57525060	57526560	chr14:57525060-57526560	849.168064	836.346953	921.107499	362.421216	305.777722	360.660111	1068.697693	1045.414418	1021.655699
905	1.03674826120634	9.05967754087294	208.029383359251	7.83611970822314e-22	2.40430110422617e-20	chr11	95580080	95581800	chr11:95580080-95581800	1147.51742	1137.542593	984.329814	1397.849301	1329.276008	1474.044548	3103.587854	3128.842797	2929.511139
2371	1.17970901915485	8.51037279999234	202.376271279552	8.0239286239792e-22	2.44916909450059e-20	chr17	86750000	86752440	chr17:86750000-86752440	1365.513017	1457.389924	1439.675112	635.108668	720.485239	695.068315	1435.496244	1680.46677	1834.818271
4863	1.61864778894311	7.58719974273458	197.554942084006	1.4665997995276e-21	4.36350475707935e-20	chr7	99268560	99270130	chr7:99268560-99270130	431.934991	437.28606	528.748838	318.643136	379.181059	379.429222	968.249554	1367.98572	1195.434432
279	1.9574463480711	7.90962908681426	268.755307659953	1.52496329057127e-21	4.51435112801778e-20	chr1	180884880	180886400	chr1:180884880-180886400	568.562368	457.089276	472.630123	407.288159	444.566576	319.196346	1821.232126	1561.170214	1451.591443
5672	1.51161901591098	7.71468303275856	190.647062965906	3.54903129180349e-21	1.01491957961235e-19	chr9	64388340	64390380	chr9:64388340-64390380	639.537563	816.082796	809.343285	371.351065	322.918912	355.753192	1050.17223	1118.965762	1017.833693
3703	1.36595384086756	7.861154222346	188.719827536093	4.56079291880485e-21	1.29171303291728e-19	chr4	148092320	148093820	chr4:148092320-148093820	547.016459	602.390807	628.910308	476.549305	473.319528	508.358839	1264.653036	1453.085816	1284.924891
3019	1.81965854084133	7.17585117195021	185.675267114031	6.80494028365776e-21	1.88206118361633e-19	chr2	155074520	155076080	chr2:155074520-155076080	339.413702	405.048007	496.545616	230.21586	233.618611	220.07624	926.259601	794.039457	843.948646
4113	1.37147951698369	7.89299154791051	182.7833827297	9.99684001912855e-21	2.71388868906388e-19	chr5	142958030	142960920	chr5:142958030-142960920	481.617661	569.922213	664.428803	511.94175	521.149199	482.474838	1294.49879	1384.355021	1498.725403
4386	1.75360299228811	7.45349354439492	181.912082448558	1.12349987438288e-20	3.02216336072581e-19	chr6	113505360	113506860	chr6:113505360-113506860	658.54874	689.433522	798.451261	237.838892	265.412872	207.563536	1006.946881	796.506046	740.126653
1609	2.07397498520554	6.84884128184381	180.804478333797	1.30405465110265e-20	3.4919027043844e-19	chr14	67709600	67712540	chr14:67709600-67712540	561.211284	449.029867	488.731528	142.877607	110.035721	119.729197	518.705273	525.622358	627.600459
2327	1.8843032112197	6.86706411637685	176.747672047531	2.2639977939267e-20	5.91007416483397e-19	chr17	56832880	56834380	chr17:56832880-56834380	297.082021	324.683125	313.508077	194.278702	181.365465	169.289341	671.847007	713.98502	758.386215
4667	1.35717278693404	7.89446283692741	175.728217518696	2.60444174440145e-20	6.72928347204779e-19	chr7	27504140	27505640	chr7:27504140-27505640	565.774029	672.393244	747.77882	514.011125	476.637323	460.761661	1155.971687	1493.449049	1320.593499
3930	1.56766913527128	7.45141280919864	173.20468138067	3.6934387649381e-20	9.37846886390101e-19	chr5	113331720	113333220	chr5:113331720-113333220	627.623794	653.971361	621.333297	268.766849	303.565855	270.863105	815.108382	900.105501	948.195188
2604	2.07290224711392	6.76087755421476	170.393733753123	5.47437417188775e-20	1.36650585790639e-18	chr19	10459400	10460900	chr19:10459400-10460900	449.171919	475.280834	378.861689	111.078626	111.141627	149.661599	489.064873	589.306411	588.110193
620	1.40244862150827	7.75708176946658	167.766716034275	7.94171699967083e-20	1.94127198527223e-18	chr11	5049440	5050940	chr11:5049440-5050940	460.832151	582.587428	497.255884	469.579857	426.8723	465.668333	1374.157288	1237.36495	1212.313464
211	1.62132641538963	7.31798557114823	167.028409481911	8.82377684881749e-20	2.1449844323849e-18	chr1	136954720	136956420	chr1:136954720-136956420	385.294126	376.724632	403.487737	260.925853	293.059922	336.125261	1055.52427	933.293451	915.073889
4388	2.84937125206858	6.60844195531829	210.384385374594	1.28409075884094e-19	3.0258314641328e-18	chr6	114973940	114975440	chr6:114973940-114975440	85.677214	193.888799	93.768301	113.6922	91.23567	104.517759	764.884622	877.233416	735.880758
763	1.34559977246735	7.65686938374686	162.37408482952	1.72744890670261e-19	3.99074568995493e-18	chr11	63926410	63927910	chr11:63926410-63927910	409.121538	390.540658	412.012245	440.39456	449.266258	482.352388	1162.14704	1298.358723	1251.591665
5519	1.14701911282382	8.27555659699787	160.6097862369	2.23648392280985e-19	5.08692154025978e-18	chr8	125664760	125666630	chr8:125664760-125666630	804.682046	810.671464	716.522305	792.905965	640.861374	740.211823	1682.704306	1798.080368	1643.948218
592	2.10679122750426	6.59824532518257	159.914065998472	2.47762894116282e-19	5.61373542015007e-18	chr10	128369860	128371540	chr10:128369860-128371540	271.987159	248.923759	321.085265	143.31319	117.776977	125.862986	622.446355	517.549632	631.209957
717	1.19899843954458	8.0493619428556	159.567793630262	2.60748277746456e-19	5.86285535955867e-18	chr11	54957970	54959600	chr11:54957970-54959600	413.050562	381.905659	414.261592	705.894675	642.93484	705.985995	1768.74392	1748.859731	1496.283643
5246	2.4649134397243	6.57909901363953	177.996231313635	2.75192015526765e-19	6.16409187630485e-18	chr8	78070240	78071800	chr8:78070240-78071800	231.683445	164.414017	148.466433	155.510077	89.023898	108.933996	689.548729	678.779546	711.252435
998	1.6556237874458	7.21842982926729	158.411092855416	3.09441867915171e-19	6.82742338534933e-18	chr11	102604420	102607080	chr11:102604420-102607080	422.809557	498.7686	527.565007	251.342606	270.942318	203.637917	734.420689	919.839191	788.9591
2515	1.85035734726222	6.74683820874446	153.245164191075	6.72122680052397e-19	1.42728614731193e-17	chr19	3575080	3579330	chr19:3575080-3579330	180.22646	138.968965	159.358649	212.138329	190.489014	191.002503	715.689678	780.136363	785.562059
5082	1.32348778237725	7.75253419191832	152.594215480193	7.42100999011285e-19	1.55025425006223e-17	chr8	25520760	25522480	chr8:25520760-25522480	625.08941	642.688226	553.84875	469.57968	404.478056	454.382508	1084.752905	1267.189107	1191.294603
3915	1.05882984956483	8.34634723875809	151.879540760214	8.2763214698217e-19	1.72282013352366e-17	chr5	110440340	110442040	chr5:110440340-110442040	821.791812	843.715614	774.298697	750.979155	737.073263	900.423892	1732.311565	1870.174373	1687.048083
1916	1.23896045974723	8.08820566522849	151.103269062014	9.32121541973703e-19	1.92671158026915e-17	chr15	102211020	102212520	chr15:102211020-102212520	1155.375338	1009.971369	1034.765513	578.26251	441.801852	455.36405	1232.54253	1251.267789	1225.052514
3955	1.74005672543498	6.90718040493787	150.868312152504	9.66357521856941e-19	1.9835582443412e-17	chr5	117355000	117357530	chr5:117355000-117357530	371.605998	358.302836	348.789601	206.366647	207.906739	163.769015	656.203594	724.63671	678.980536
1185	1.2596229746514	7.78787582342935	149.571397330851	1.1800922800111e-18	2.37267017800184e-17	chr12	79000520	79002020	chr12:79000520-79002020	765.011774	729.96131	788.03246	437.780691	399.778075	445.059455	1059.64124	1096.541144	1111.251929
1222	1.91783809651453	7.41010623916227	185.714941952683	1.5886049638378e-18	3.12992369296605e-17	chr12	100517540	100519360	chr12:100517540-100519360	486.68732	441.200622	426.693015	273.122601	328.448431	180.084596	1076.107236	1056.626227	1016.559832
629	1.62650014881699	7.13754945841495	147.518577748038	1.62313213547183e-18	3.18729047002151e-17	chr11	6066580	6068100	chr11:6066580-6068100	513.556503	531.92753	427.166563	233.26504	213.712657	223.265676	688.313872	812.203098	705.731984
1756	1.74394689156075	6.97797510608316	147.465260927878	1.63669327873837e-18	3.18824653401091e-17	chr15	76579210	76580710	chr15:76579210-76580710	268.184978	234.877172	278.226627	252.431533	182.747812	254.424855	901.970385	681.02155	865.179773
1428	2.11414691486649	6.48951568172226	147.168612475663	1.71430692187501e-18	3.31114166451333e-17	chr13	96675000	96676500	chr13:96675000-96676500	176.424276	214.152673	215.004	99.752967	150.953565	139.847814	641.383363	545.803856	606.793559
948	2.66016799963244	6.27355516386929	161.371615889094	1.82699657369119e-18	3.49442753753727e-17	chr11	97982820	97984320	chr11:97982820-97984320	182.50772	151.979322	125.971538	62.291158	64.694374	125.617544	596.922909	600.967539	494.692019
181	1.4058037705195	7.56549084115869	146.739946679026	1.83321894172426e-18	3.49498148404453e-17	chr1	133364460	133368520	chr1:133364460-133368520	765.011376	608.838721	747.778605	323.216959	329.554286	322.386028	924.612659	982.177554	843.311842
231	1.57857120169847	7.25535459351067	145.500533458306	2.22720609345911e-18	4.23241003115085e-17	chr1	161253500	161255020	chr1:161253500-161255020	644.100447	583.27833	591.734651	228.909008	210.118523	252.462108	736.478991	649.627719	807.218441
1240	2.73772692113404	5.79199819977993	145.182395577377	2.34176118669805e-18	4.43579265300263e-17	chr12	105337920	105339420	chr12:105337920-105339420	93.788638	84.739975	77.193058	44.431431	72.988542	63.299467	408.377525	437.271199	438.640976
769	1.08796270870752	8.20631402553149	144.396454251673	2.65152903275506e-18	4.97457246240767e-17	chr11	68393020	68394520	chr11:68393020-68394520	856.772731	871.348201	917.318888	744.445359	638.649386	610.423197	1493.542058	1502.866724	1516.347531
4368	1.65048014560309	6.95052346997458	142.87532821341	3.37675227646154e-18	6.19702419334422e-17	chr6	97143840	97145340	chr6:97143840-97145340	271.733728	227.047916	308.298639	217.365561	236.10684	247.800423	824.988662	818.482084	695.96592
706	1.15239208015996	8.03706754265476	142.647985952944	3.50153724985871e-18	6.4060732729558e-17	chr11	52285680	52287320	chr11:52285680-52287320	1090.230508	1110.140054	1219.224205	480.034025	478.296154	426.167687	998.714043	1106.407902	1175.795311
5588	1.17617903851773	7.96801123484516	142.1800557221	3.7735544074709e-18	6.88235573201581e-17	chr9	37143650	37146060	chr9:37143650-37146060	867.292442	792.940579	927.027376	449.759666	483.963549	583.067229	1145.67992	1283.783258	1215.710824
5726	2.1312073470871	6.65308794525826	151.326878600606	3.78658644889728e-18	6.88480887976971e-17	chr9	96484540	96486040	chr9:96484540-96486040	268.184945	149.216071	209.321107	121.968655	175.283064	145.245363	709.720933	667.343145	683.651632
2085	1.96815666647243	6.52010485696892	141.913202796465	3.93833976501517e-18	7.09403037026788e-17	chr17	13003840	13005340	chr17:13003840-13005340	171.354498	192.046633	170.487757	132.858748	149.294768	167.817373	624.093004	636.397536	611.040123
2609	1.42349729633883	7.36201488118259	141.89503442594	3.94982509157675e-18	7.09403037026788e-17	chr19	11807540	11809040	chr19:11807540-11809040	340.174101	289.681882	353.525383	350.660024	348.354411	376.362317	986.363715	1022.541128	1059.872372
1424	1.31635348861988	7.70141410660483	141.758690249896	4.03712519195479e-18	7.22878556407467e-17	chr13	95526920	95528580	chr13:95526920-95528580	662.09778	656.734998	601.442807	420.3564	353.883819	466.65004	1094.22136	1175.474287	1016.135093
1103	1.02496359418982	8.32772948732818	140.278341727684	5.12345463464047e-18	9.00963320975134e-17	chr11	120778820	120781260	chr11:120778820-120781260	1390.101084	1292.745075	1450.803783	648.612603	558.472997	609.196887	1252.714715	1315.849563	1366.241002
4481	1.63955246748532	7.02853387234521	140.151709869729	5.22938278233856e-18	9.16853987224895e-17	chr6	134032060	134033560	chr6:134032060-134033560	628.637957	519.032372	615.650241	181.210577	162.012436	177.140476	499.768615	605.003791	624.627985
5562	1.7199929831559	7.24262652973729	151.176018042004	7.38906743846634e-18	1.272777669006e-16	chr9	21761580	21763320	chr9:21761580-21763320	407.600593	372.579645	459.370051	287.497535	288.636466	191.370674	1016.827415	866.469787	806.36918
5443	1.18112642814957	7.85364379409787	135.514344295438	1.1162724285235e-17	1.88964393000918e-16	chr8	120489320	120491580	chr8:120489320-120491580	755.37928	706.013083	760.091201	463.916678	495.990184	486.768672	1217.722626	1168.298895	1100.211867
1392	1.26048162993696	7.88535119846471	134.607173130587	1.29743546689717e-17	2.19002645716081e-16	chr13	66715280	66717060	chr13:66715280-66717060	922.678002	1126.489145	1003.983344	408.595138	447.884233	331.218483	1027.53051	1057.972307	946.072011
3136	1.52617873001778	7.05211813083436	134.586602416229	1.30187801449725e-17	2.19124668097237e-16	chr3	9610760	9612400	chr3:9610760-9612400	258.045691	288.300257	251.232666	263.757207	301.907051	253.688802	786.702892	883.735743	845.222521
33	1.80991730206073	6.67908156355268	132.63515835481	1.80344652315994e-17	2.97593934676057e-16	chr1	39533080	39536320	chr1:39533080-39536320	260.326995	268.496799	278.226529	155.945643	164.500696	181.066016	653.733279	523.604082	688.110041
2295	1.10020595066852	8.16088702260089	131.444042970422	2.20385441285278e-17	3.58643821715905e-16	chr17	47919150	47920650	chr17:47919150-47920650	921.157175	981.187672	1190.809325	668.432781	550.731651	533.384575	1320.228827	1445.46143	1238.853051
907	1.24349921064551	7.73435079655272	130.007426234169	2.81137426818523e-17	4.53748104489841e-16	chr11	95587680	95589440	chr11:95587680-95589440	444.609131	474.359752	541.298535	531.870941	508.708021	425.922506	1290.588732	1127.486352	1274.945805
3419	1.42179669831913	7.41584947186082	128.225624257426	3.81199541967632e-17	6.08576287732065e-16	chr4	45525420	45529120	chr4:45525420-45529120	488.208332	407.580926	555.032371	395.962621	318.495401	283.130353	941.902936	970.966303	936.305057
5852	1.25212211703679	7.77635381600057	127.905503962145	4.02753505942662e-17	6.4124889284006e-16	chrX	60181780	60183280	chrX:60181780-60183280	880.599928	950.101197	781.875817	375.053797	338.954375	458.308092	913.086426	1062.456755	995.753328
69	1.57328001634345	7.01306841001137	127.3212094625	4.45391022490586e-17	7.05322181046248e-16	chr1	72820860	72824920	chr1:72820860-72824920	471.985253	455.938107	508.148105	210.395946	233.895061	166.345205	647.146858	601.416084	686.623878
5413	1.37525254249265	7.51672486286358	126.037627519063	5.56181750198276e-17	8.66790129740223e-16	chr8	111942340	111944540	chr8:111942340-111944540	619.765912	605.844817	513.120742	340.858844	305.777716	398.443645	1066.228076	938.675353	869.638621
3187	1.18062407845605	7.89035376036414	125.858956179642	5.73716643687823e-17	8.9175850869788e-16	chr3	68487220	68488760	chr3:68487220-68488760	756.900225	588.113993	864.751679	507.041763	507.602166	492.656754	1065.40395	1329.303645	1250.53015
3633	1.06402434431113	8.24879481059405	126.054617950694	8.42829486869291e-17	1.29637297836736e-15	chr4	136174110	136175620	chr4:136174110-136175620	1038.139639	1167.017112	1120.246491	747.603189	557.643586	573.621172	1388.565659	1351.503776	1442.781078
147	1.44588119905713	7.13229001139853	123.551467345081	8.58905257758603e-17	1.31423659050803e-15	chr1	118625920	118628480	chr1:118625920-118628480	198.730643	183.066027	202.217442	286.626349	290.018879	399.670244	844.748526	978.590707	1005.307029
2905	1.16812776673955	7.81052956322005	122.916157212739	9.60669081212719e-17	1.45858287562478e-15	chr2	105677060	105678680	chr2:105677060-105678680	623.567944	631.865679	603.33712	461.739181	524.190581	519.645023	1270.416606	1284.455341	1040.764212
1578	1.15757413893774	7.92049154851309	121.0126906897	1.34668501780526e-16	1.99329684419366e-15	chr14	57532600	57534100	chr14:57532600-57534100	816.215596	843.715835	856.700938	442.572392	416.919452	617.783872	1038.234332	1281.316202	1186.411659
4513	1.27590055353632	7.6407114953403	119.350216708542	1.82044186918904e-16	2.66109753136294e-15	chr6	145077620	145079120	chr6:145077620-145079120	654.493133	605.15393	507.674658	418.17823	415.813491	398.443603	865.332091	1232.880197	1091.294487
2974	1.62184047004501	6.8369302389043	116.979662841952	2.78691775266301e-16	4.04377647313739e-15	chr2	144325680	144327400	chr2:144325680-144327400	253.736545	210.007773	224.238792	247.422255	202.377318	220.812294	870.272371	634.827852	682.16527
5622	1.24765633185568	7.4831268391668	116.605513473991	2.98388863485291e-16	4.31894052774411e-15	chr9	50727280	50728980	chr9:50727280-50728980	371.099073	297.511112	346.184835	443.007598	420.237031	429.111952	1113.981453	1113.13491	1036.941904
4264	1.12960881202737	7.79824930143023	115.479683511978	3.6677357243133e-16	5.25708787151572e-15	chr6	52221220	52222760	chr6:52221220-52222760	584.531747	664.103652	725.993737	421.227855	483.825519	578.037555	1083.517328	1155.740695	1209.341523
3463	1.62638869756417	6.77917372204838	115.121991881378	3.91730856732989e-16	5.57412192515468e-15	chr4	91368540	91370060	chr4:91368540-91370060	285.928871	295.438611	269.4654	185.784388	228.918588	180.82073	744.712776	619.57947	587.685559
871	1.25264216702585	7.68854365996176	118.090347307554	4.29786322907499e-16	6.10089452589898e-15	chr11	84061380	84062880	chr11:84061380-84062880	482.124675	619.891596	470.735825	390.735639	451.201836	527.496247	1198.786116	1062.008206	1199.575096
3588	1.41637792920897	7.27164072234983	112.742908950322	6.08989059562202e-16	8.40176709573988e-15	chr4	130519640	130523080	chr4:130519640-130523080	424.07706	537.914748	563.55684	216.058786	273.707031	360.905399	765.707542	879.924001	766.66597
969	2.05655912567908	6.10759853238736	112.683015383248	6.15838451246414e-16	8.47641195395473e-15	chr11	100357540	100359040	chr11:100357540-100359040	117.109114	90.727078	125.024301	117.612645	106.718059	108.933961	461.894667	513.513288	502.759851
2718	1.20536574297745	7.58558980282333	112.362185267473	6.53903839541326e-16	8.89641459292829e-15	chr2	17939560	17941260	chr2:17939560-17941260	497.333713	436.595269	549.822929	398.576445	436.272275	463.705772	1143.621912	1109.996085	926.114524
4043	1.02985623447143	7.95328976331076	110.986470981057	8.46726868645728e-16	1.14405228972293e-14	chr5	135174520	135176020	chr5:135174520-135176020	707.724549	768.186568	793.241836	491.795132	607.131627	606.497856	1244.893318	1247.680118	1207.642726
5843	1.34700486322858	7.22203783755449	110.238725992789	9.75246638844238e-16	1.30869657162447e-14	chrX	52164740	52166400	chrX:52164740-52166400	378.196592	389.619719	428.113671	307.099659	337.295507	281.65831	909.792436	870.95439	724.415499
3471	1.02208883384748	7.93964066776704	110.096243305287	1.00193281226211e-15	1.34145140841729e-14	chr4	99654170	99657100	chr4:99654170-99657100	754.112131	760.932647	831.12804	581.856382	569.25518	508.236337	1119.333328	1266.292392	1207.536037
4410	1.15281372457943	7.62505498789763	109.132060189181	1.20345326435993e-15	1.60034834770753e-14	chr6	120910840	120914200	chr6:120910840-120914200	513.049518	569.461926	480.444036	482.429977	436.54873	434.509353	1051.407138	1118.293022	1035.243736
5460	1.93907395811461	6.31664619871622	108.894977589664	1.25912156321062e-15	1.66311325759501e-14	chr8	121588600	121590120	chr8:121588600-121590120	191.379635	122.734818	151.307904	138.085957	106.441614	151.133665	493.593538	536.609906	584.92537
551	1.43663824506358	6.88018073682223	108.040784228327	1.48268116671941e-15	1.94965954311252e-14	chr10	120475950	120478500	chr10:120475950-120478500	334.977708	331.476169	350.091854	239.145717	217.030318	220.934779	581.485292	668.239881	704.776753
1190	1.4933302940633	6.93136731124484	106.723343540298	1.91080438854752e-15	2.49590879222471e-14	chr12	80116060	80117750	chr12:80116060-80117750	366.0294	410.459356	377.322714	242.086067	242.327449	169.53468	685.226251	598.164589	676.644524
4199	1.16279594852763	7.66247847012782	106.360805274834	2.04966121222529e-15	2.6713615489423e-14	chr6	39422600	39424140	chr6:39422600-39424140	1029.141323	973.12856	998.300299	273.558293	310.201297	364.585607	727.010365	818.930239	712.101548
697	1.31086700024356	7.18624176863448	106.085935905998	2.16184208226897e-15	2.80515676357852e-14	chr11	51632940	51634460	chr11:51632940-51634460	407.09376	421.857762	487.073961	319.94996	273.983475	282.885019	800.699619	740.670083	771.761726
4341	1.09975299425925	7.72690058793761	104.371654897676	3.01997512506902e-15	3.87596371716375e-14	chr6	88446900	88449090	chr6:88446900-88449090	689.727372	738.481255	783.41496	475.351457	373.928025	472.047617	977.306742	966.256963	1067.833716
151	1.22602324926867	7.45560869818261	104.203164646706	3.12142046996087e-15	3.98878264393481e-14	chr1	119055000	119056660	chr1:119055000-119056660	624.58236	508.440024	593.392183	362.421537	376.001552	320.423275	782.174673	901.451419	958.810382
683	1.69407874313277	6.50300534364369	104.073207434519	3.2020600818333e-15	4.07415463111878e-14	chr11	48825510	48828980	chr11:48825510-48828980	288.21013	276.441151	340.383582	146.144607	127.868181	152.48311	473.421315	490.640536	504.56433
3944	1.13244855410567	7.54402005987427	102.053702173002	4.77174571317178e-15	6.01934775081263e-14	chr5	114688080	114690860	chr5:114688080-114690860	471.478272	504.755676	490.625816	452.155736	446.778245	396.480794	999.536741	1072.323651	953.71484
1338	1.07892304304661	7.86644171030979	101.848987816183	4.97000452631642e-15	6.25604629583975e-14	chr13	43299400	43301660	chr13:43299400-43301660	1172.105511	1174.385491	1217.093689	340.205524	397.013418	364.585657	904.029612	843.148155	725.265181
3587	1.16445066391966	7.42981382265855	101.421788825432	5.41154058200072e-15	6.75410711198437e-14	chr4	129985700	129987230	chr4:129985700-129987230	436.497631	410.459339	445.162503	380.171953	378.213218	441.747361	937.786217	978.702157	943.417533
4623	1.7035059552469	6.80301393317619	111.117319539327	5.53498756500101e-15	6.8935754218649e-14	chr7	24500940	24502440	chr7:24500940-24502440	200.758499	356.921105	317.296648	187.744614	213.436275	178.612581	501.415272	766.905978	752.865855
3900	2.93985312774277	4.93078239112762	100.150894079002	6.97999506285469e-15	8.58437388627912e-14	chr5	107286640	107288140	chr5:107286640-107288140	28.897031	20.724431	25.573182	37.897417	18.247133	37.783421	247.825813	302.726186	219.532747
3592	1.16973483603109	7.58897318400594	99.5044989575974	7.95066764822961e-15	9.73750168726001e-14	chr4	132502900	132504400	chr4:132502900-132504400	656.521105	689.433356	553.138029	456.511597	350.013234	384.704052	916.379794	961.995954	976.220159
5054	2.21925305684614	5.77513928255438	99.479174241738	7.99141404947756e-15	9.7670996193926e-14	chr8	13975850	13977350	chr8:13975850-13977350	81.368039	84.049168	78.376988	64.686956	81.006173	98.629441	321.103063	394.441088	497.239893
4968	1.28787616960947	7.34632030225768	99.4121418584594	8.10030806706546e-15	9.8592799221245e-14	chr7	139580300	139582760	chr7:139580300-139582760	568.308739	629.562907	568.292624	324.523798	340.06028	237.495815	796.994734	820.724125	730.360641
3839	1.31908042441774	7.08484988038208	98.9344834622918	8.92187756133259e-15	1.07923574361007e-13	chr5	38684180	38685680	chr5:38684180-38685680	393.405781	420.015539	499.150317	294.902818	235.553934	258.595732	597.746309	775.875943	728.661981
3275	1.0557697734561	7.77670236347586	98.6644355625448	9.42389050950666e-15	1.13529936587942e-13	chr3	96332700	96334720	chr3:96332700-96334720	611.908035	843.715733	832.075252	443.443453	473.31955	481.861518	989.657083	1051.244397	1053.077912
1860	1.4902429882003	6.77235861915599	98.4992220905356	9.74528367204218e-15	1.16923556236253e-13	chr15	93520790	93523700	chr15:93520790-93523700	134.599474	210.928908	221.278895	229.88915	211.224456	271.353674	711.984865	706.697119	707.748771
1601	1.78161624123749	6.29888171772386	97.8402240618454	1.11438650470133e-14	1.32089555315806e-13	chr14	63511900	63513400	chr14:63511900-63513400	206.335133	186.520131	224.475528	150.718432	115.56515	123.654734	484.948237	475.392199	467.090971
5031	1.64172101193157	6.63198356723782	97.2697585837031	1.25211715989404e-14	1.48116911424413e-13	chr8	8658240	8659860	chr8:8658240-8659860	293.026401	352.315591	233.947065	164.657725	142.659387	198.731044	485.771769	626.979132	570.275747
3679	1.18730768321466	7.3778775665013	96.4841596589505	1.47107254621901e-14	1.72631242425821e-13	chr4	142234380	142235880	chr4:142234380-142235880	417.739908	364.289902	410.591381	412.080207	339.507262	408.748166	861.215674	916.25158	1035.668351
5812	1.98416592966818	6.17420223730224	96.1928680325605	1.56196957998981e-14	1.82209164271683e-13	chr9	118481580	118483080	chr9:118481580-118483080	177.945013	197.573112	155.806859	128.938328	73.54145	124.145517	354.036793	491.986023	534.606699
5718	1.04174255441585	7.75156272567065	96.1032672854417	1.5910781053719e-14	1.84872605892423e-13	chr9	88328560	88330130	chr9:88328560-88330130	766.2794	775.094788	844.980227	453.571468	377.521951	505.905614	959.193221	1008.078296	958.916826
2944	1.3434388400522	7.14294141437262	95.7586858244044	1.7083316643814e-14	1.97716735459151e-13	chr2	122371440	122373090	chr2:122371440-122373090	434.596614	375.342823	346.303268	263.539413	359.966087	245.469586	772.294717	834.291069	743.630103
4979	1.2067244837671	7.33433028489537	93.8130069144145	2.55977763418666e-14	2.91112935192927e-13	chr7	140958580	140960080	chr7:140958580-140960080	518.119262	443.96415	479.733784	303.179252	321.259945	404.822438	846.395098	887.996763	788.959044
4439	1.29100282634559	7.02539099370226	91.3447454699025	4.3067894163733e-14	4.77802193066951e-13	chr6	124753160	124755840	chr6:124753160-124755840	338.906687	325.604367	381.703218	270.291252	241.083364	319.686986	792.878183	648.730872	713.375279
3916	1.37944465177209	6.87454620686745	91.0582508904697	4.57733756960776e-14	5.06862699672167e-13	chr5	110448000	110449660	chr5:110448000-110449660	232.697341	270.339044	334.345415	242.630495	223.389184	279.204799	554.932076	849.875669	666.241501
3313	1.32631914785688	6.91524306026846	90.6975470269409	4.94305757743398e-14	5.42263541688334e-13	chr3	116657240	116658740	chr3:116657240-116658740	348.285607	334.815071	287.935045	255.698547	254.353966	242.893479	713.837496	653.439959	639.490105
5684	1.14695900908982	7.4601817040653	90.5100790377784	5.1448942629635e-14	5.61269853761444e-13	chr9	67046360	67048100	chr9:67046360-67048100	588.587588	624.957373	574.922628	413.822349	317.389531	354.771713	830.751399	961.996673	770.70038
5517	1.09957663409252	7.49317895709711	90.4864556959753	5.17092397739192e-14	5.63066786521549e-13	chr8	124792720	124795460	chr8:124792720-124795460	481.617762	576.139826	598.127846	423.405637	368.813355	402.85983	781.351263	979.935448	971.124583
5414	1.07100033123122	7.62389725638818	89.9602190529411	5.78732750809843e-14	6.26712249084703e-13	chr8	111945920	111947440	chr8:111945920-111947440	630.665671	721.901703	637.671649	368.519774	469.725427	429.602564	891.267435	895.845178	1046.284161
2631	1.54352458439372	6.61119150763398	89.7915167105137	6.0005799018972e-14	6.47425205166235e-13	chr19	24032050	24033550	chr19:24032050-24033550	130.797195	151.979337	202.927802	186.873399	256.012738	180.33001	658.261563	660.167071	615.923326
5807	1.31502064341251	7.03170991562718	89.1353858126834	6.91001110878201e-14	7.41473141017027e-13	chr9	114777100	114779500	chr9:114777100-114779500	285.421826	422.548499	317.770271	260.272364	313.795532	255.896883	776.822776	737.30644	681.740555
5617	1.59194092383829	6.56564604468184	88.6301282284285	7.70640457759487e-14	8.25425988483844e-13	chr9	48835460	48836960	chr9:48835460-48836960	255.510824	178.230379	245.786506	158.123656	220.624407	157.022015	607.626381	562.397848	547.770398
1595	1.70902096849212	6.2924475290591	88.4577202181494	7.99931543075983e-14	8.52151305652914e-13	chr14	63494180	63495680	chr14:63494180-63495680	168.819633	154.742575	144.914604	126.324703	134.918195	177.631215	555.755834	492.43475	472.61114
2144	1.13656825092071	7.31527840288086	88.3851281662356	8.12605444136841e-14	8.64090012889915e-13	chr17	26508060	26510100	chr17:26508060-26510100	389.349682	376.263948	408.933845	386.161472	385.401589	355.507759	795.348149	882.166151	964.118451
4862	1.19155556697196	7.20437051378398	87.6704041231355	9.49009463633534e-14	9.96544518763841e-13	chr7	99266550	99268060	chr7:99266550-99268060	254.496938	330.785291	330.556855	394.982726	343.239651	330.727852	824.577024	828.348553	947.769821
1250	1.36628003919881	6.89116189904732	86.1484434458029	1.32386331281441e-13	1.36106086837516e-12	chr12	110280960	110284680	chr12:110280960-110284680	361.466916	407.580907	512.173739	240.016901	218.965604	176.404375	630.67958	515.531364	595.540777
818	1.79554907792397	6.16914315953943	85.3260421195301	1.58700084496148e-13	1.61190034097726e-12	chr11	74647800	74650020	chr11:74647800-74650020	152.089755	104.082839	174.749955	118.483878	111.141604	154.568595	439.664529	451.174227	526.963647
2771	1.24576309298608	6.95139467658177	84.507893536415	1.90255449628975e-13	1.91261920437592e-12	chr2	30134720	30138340	chr2:30134720-30138340	345.243748	420.476198	432.849552	270.509097	237.212753	236.51441	566.459083	687.076243	629.723735
5277	1.11517081438879	7.35882105603605	84.0441995836522	2.10944753556715e-13	2.10622973424171e-12	chr8	84147320	84149460	chr8:84147320-84149460	354.876122	452.714281	472.156496	342.383606	425.766332	385.685462	800.28771	944.057266	919.320304
1316	1.87493928808654	6.02363076310676	83.745015792466	2.25512074866941e-13	2.23275904712799e-12	chr13	28951600	28953240	chr13:28951600-28953240	105.702374	113.293685	146.808895	109.554062	117.77694	108.933948	303.813252	525.397975	492.780978
3146	1.23663748382863	7.08427270528552	83.62495362391	2.31645830092525e-13	2.28580500012574e-12	chr3	27935220	27936770	chr3:27935220-27936770	457.790527	605.729793	505.898736	228.909091	265.689332	248.904566	664.848824	578.879787	616.666685
2524	1.03223410145153	7.59332137835442	83.525173832522	2.36874092861436e-13	2.32570880174453e-12	chr19	4145860	4147360	chr19:4145860-4147360	409.628507	381.329879	517.619875	446.492427	565.108176	466.159325	966.602389	1139.59562	1116.346779
3571	1.02619149694455	7.58782901618334	83.0972652987363	2.60712227713298e-13	2.54702443359708e-12	chr4	129046580	129052210	chr4:129046580-129052210	460.70538	525.940681	519.040752	425.583611	551.975667	429.84799	1013.533677	1035.771645	1001.910016
1409	1.06470308318568	7.49728627536328	82.5050475433989	2.9784949691246e-13	2.88116812202184e-12	chr13	73769520	73771020	chr13:73769520-73771020	437.511595	471.596415	481.154453	487.00394	353.330903	466.159227	847.218583	1050.796208	1016.135386
3698	1.27726240342945	6.99562224861412	81.5133671999409	3.72710283141398e-13	3.57014028940809e-12	chr4	147445300	147446800	chr4:147445300-147446800	427.879303	462.846084	389.280283	291.200328	224.495069	225.228549	713.837559	577.646233	616.135486
960	1.23412062100792	7.06455273411379	81.228952912119	3.97577185129229e-13	3.80215454155242e-12	chr11	98791500	98793000	chr11:98791500-98793000	387.82895	441.661165	361.812931	218.236794	283.107077	341.522939	657.026695	705.463997	743.948708
2851	1.12105624289623	7.65319856779691	87.2041848143234	4.52322652966496e-13	4.2770991149689e-12	chr2	73272860	73274940	chr2:73272860-73274940	522.681808	592.258526	772.877939	439.087334	452.307802	420.770206	752.946088	1126.365651	1173.24721
3020	2.853888574954	7.08484411366152	199.319212406108	5.55107700505822e-13	5.16609709902022e-12	chr2	155081700	155083200	chr2:155081700-155083200	230.16253	150.597734	219.739742	188.180204	94.55336	138.375633	1305.819996	948.541822	973.247773
5107	1.14219396008879	7.15984048367721	79.7257309776878	5.60529060957169e-13	5.20832286766354e-12	chr8	34807460	34809120	chr8:34807460-34809120	193.661011	159.348049	222.581216	402.932195	383.742769	372.927426	769.824252	941.36613	1020.381483
1873	1.14198285823877	7.03930913832273	79.1036355936793	6.46834052513458e-13	5.9725695977379e-12	chr15	97828340	97830170	chr15:97828340-97830170	250.567951	264.23683	261.532915	296.536273	323.610063	369.737925	757.680199	779.015091	784.925448
2467	1.71176918960958	6.1746196258627	79.0126256076775	6.60563374365739e-13	6.08979473926223e-12	chr18	66290790	66292440	chr18:66290790-66292440	192.773848	142.192805	180.432878	144.9467	119.435796	118.011833	356.301338	463.170776	519.745162
3435	1.7918235360877	6.14009055616013	78.5210770557185	7.40085317899765e-13	6.79103209929519e-12	chr4	54948500	54950000	chr4:54948500-54950000	184.535563	194.809867	232.999923	80.586455	152.612382	100.8375	455.308118	387.938006	385.137908
4045	1.28975271287935	6.76291830904142	78.2112077737429	7.95226209169644e-13	7.26306604374941e-12	chr5	135248380	135249950	chr5:135248380-135249950	273.63481	285.536906	326.176279	218.236763	238.87157	230.135402	499.562806	697.278973	597.770373
4390	1.20984234727392	6.97563509331915	78.0400634777812	8.27479099851737e-13	7.53428033574433e-12	chr6	115683600	115686380	chr6:115683600-115686380	337.639332	451.792986	434.270433	213.445168	260.989237	296.379105	624.092966	650.749127	619.532377
129	1.02851326392708	7.44157077036606	77.6831194655195	8.99157338565018e-13	8.14149239521818e-12	chr1	89930700	89932220	chr1:89930700-89932220	412.670233	480.116478	447.056773	368.302202	445.119421	464.932648	849.27705	1011.329595	915.923114
1142	1.03044226916636	7.58311821831476	77.1520713681326	1.01784511272365e-12	9.08503872584096e-12	chr12	33426740	33429240	chr12:33426740-33429240	666.660283	707.394246	867.119439	404.674605	376.00148	375.381038	944.372589	729.681934	830.997619
5671	1.15948378804662	7.16466264939675	76.5782464188975	1.16437962228655e-12	1.02838985830436e-11	chr9	64385640	64387140	chr9:64385640-64387140	435.483776	415.870726	510.516169	321.038912	279.236445	309.627917	544.228862	815.342296	813.587677
3138	1.41383050594449	6.55983296728027	76.2551628060628	1.25628663075323e-12	1.09967080858355e-11	chr3	10350700	10352220	chr3:10350700-10352220	297.082092	335.505935	337.423712	174.894381	145.977057	184.500929	497.298517	455.210483	477.706878
2821	1.40205332360955	6.55996852772907	75.9646042525771	1.34532342134562e-12	1.17411855928105e-11	chr2	35579320	35582180	chr2:35579320-35582180	125.727529	157.045313	148.229633	255.263105	191.871362	209.035544	573.869206	597.828285	676.433127
3743	1.09551227171267	7.18589071809412	75.6807872973468	1.43858228598449e-12	1.25180033186627e-11	chr4	154634840	154636400	chr4:154634840-154636400	412.416737	464.458038	439.242768	328.22636	318.21903	326.06609	722.070567	828.797096	662.844698
1206	1.10661423379259	7.32116266794981	75.291512896673	1.57744878240624e-12	1.36859363433802e-11	chr12	85471680	85477100	chr12:85471680-85477100	483.138536	519.032357	698.526295	365.034895	297.760063	320.913867	793.701245	755.2454	703.608827
3081	1.19839569839622	6.95551875236689	74.9198910073703	1.72292412779315e-12	1.48823255671986e-11	chr2	167422700	167424440	chr2:167422700-167424440	432.442054	429.226542	387.386096	253.956152	252.695164	241.421359	583.749434	538.179803	704.458283
3143	1.06006970561376	7.36471190123244	72.8284212440047	2.843287058383e-12	2.40312827273089e-11	chr3	22083510	22085010	chr3:22083510-22085010	445.623166	498.768535	517.146296	385.508286	412.772377	330.727666	933.669678	791.797048	775.58334
887	1.09194204883814	7.28701835037274	72.6560885097918	2.96412019873349e-12	2.50166648864456e-11	chr11	88995080	88996580	chr11:88995080-88996580	524.202843	542.980626	562.609683	319.732112	260.989221	396.480755	770.647735	755.245583	684.500798
5653	1.18600684106801	7.02780265860354	72.6220890977237	2.98857766988085e-12	2.51869972149758e-11	chr9	61373420	61375310	chr9:61373420-61375310	559.817249	563.935539	464.934398	256.134196	193.944891	256.510161	591.571177	566.770682	549.999735
987	1.04568487913783	7.51638265551464	72.1838034773629	3.32314507119025e-12	2.7926744100402e-11	chr11	101786400	101790240	chr11:101786400-101790240	1066.656592	861.676779	929.158416	265.717481	287.530601	301.77676	566.87079	579.888706	731.421902
2638	1.31356190909814	6.63542609869358	71.6154303483582	3.8153595384736e-12	3.17461624874971e-11	chr19	26605200	26607380	chr19:26605200-26607380	260.073536	285.99754	343.816982	180.775025	210.671408	207.563488	531.055337	561.500887	491.294836
58	1.2475547487582	7.19876194160885	75.8247793614178	4.18685705749287e-12	3.4641537816981e-11	chr1	63444920	63446600	chr1:63444920-63446600	676.546158	603.311921	761.749161	201.901688	306.883632	189.653125	482.47831	653.440075	637.154386
2436	1.52321355486413	6.30289698389847	70.7450024389359	4.71947086334505e-12	3.86144484110634e-11	chr18	44379480	44381150	chr18:44379480-44381150	258.552611	247.657175	337.423678	147.233616	129.803513	113.350246	386.559141	427.740796	382.802415
5278	1.02601634604415	7.26805770094834	70.0237296921351	5.63483957364091e-12	4.57901981688103e-11	chr8	84149620	84151130	chr8:84149620-84151130	348.919364	352.776247	396.147278	393.24034	396.875069	372.436756	830.545967	765.896839	921.443457
702	1.43315761690795	6.41263745141641	70.0233564200245	5.63535794812213e-12	4.57901981688103e-11	chr11	51858240	51859860	chr11:51858240-51859860	229.148534	216.455377	273.253996	135.036751	162.565342	197.258932	460.24796	469.56188	489.596325
5512	1.52595742960791	6.33983374840108	69.7380033895587	6.04637919200852e-12	4.89948003027815e-11	chr8	124230100	124231600	chr8:124230100-124231600	196.195764	134.018174	146.335365	157.688034	150.953581	192.351903	591.159356	500.95574	436.517847
3945	1.05856466851826	7.18145066425436	68.4322542769256	8.36070676659249e-12	6.70107803564576e-11	chr5	115008540	115010760	chr5:115008540-115010760	375.661713	403.436071	413.432901	377.66746	317.389569	330.237015	618.32973	819.827421	843.311314
2028	1.13688774730732	6.9166565551415	67.7368097212818	9.94896287576224e-12	7.89883292467862e-11	chr16	49854600	49856180	chr16:49854600-49856180	305.70048	242.706461	352.814926	297.516477	260.436362	292.944246	582.926078	717.124801	695.540715
1030	1.08310163236177	7.13763731805734	66.2870706208301	1.43397498673922e-11	1.11445206423229e-10	chr11	113751880	113753380	chr11:113751880-113753380	415.458634	434.753014	405.855629	348.699856	309.095386	291.962907	572.222461	881.269204	700.212019
5150	1.14659642118061	6.8993615234685	66.0229626756666	1.53340366466920e-11	1.18858960375872e-10	chr8	69820100	69822040	chr8:69820100-69822040	463.366978	366.132	426.219353	224.770768	275.918814	219.830742	554.932522	570.919041	572.823565
282	1.36046609383424	6.46752414677149	65.9575223680255	1.55912086496444e-11	1.20693574448167e-10	chr1	180902360	180903900	chr1:180902360-180903900	214.446699	219.218772	272.306697	209.089361	152.05944	182.538155	448.721277	538.628145	501.910589
3485	1.21321626865385	6.96751692443248	68.0760117853833	1.66691479717233e-11	1.28868701707903e-10	chr4	106857860	106859360	chr4:106857860-106859360	395.433561	490.93935	413.906609	223.464013	318.495437	194.314852	644.676851	591.997749	580.041732
5433	1.30126904087985	6.79951865434201	69.1413335838589	1.87896683312208e-11	1.43753163817171e-10	chr8	119907420	119908920	chr8:119907420-119908920	67.426443	106.385493	170.014163	293.160427	286.977663	285.5839	710.543748	806.82137	756.262524
1295	1.07025479011109	7.16898275924117	64.7946258287341	2.09824577290535e-11	1.59288219693111e-10	chr12	118835860	118838980	chr12:118835860-118838980	440.553379	546.434566	617.544309	234.136256	343.10141	299.077979	614.624713	656.803741	686.623912
2778	1.05638112288392	7.02490802945102	64.6146808221081	2.19745027982973e-11	1.66176888298805e-10	chr2	30800900	30802620	chr2:30800900-30802620	355.383091	349.322257	425.982515	283.359438	316.283618	301.776844	556.578875	734.839284	709.553844
4911	1.02795849472219	7.13315723521885	62.4293048862165	3.87136838347822e-11	2.8365959138147e-10	chr7	126273610	126275720	chr7:126273610-126275720	426.104854	417.712844	439.953091	365.906008	258.501113	338.333443	680.28597	709.164001	699.787074
3873	1.34603070707853	6.39984233902359	61.6439132164963	4.75669436993878e-11	3.42145134716842e-10	chr5	75578320	75579820	chr5:75578320-75579820	236.753109	234.877184	227.316961	138.085953	190.212525	186.954303	478.36169	458.34996	454.352297
3918	1.80751984124129	5.70583752648279	61.392648758273	5.08204888542891e-11	3.64657125262628e-10	chr5	110782630	110784130	chr5:110782630-110784130	121.925314	73.226405	115.079279	63.815745	94.000415	118.257162	379.972397	310.574527	332.483969
2072	3.41365627041938	8.90193521763867	507.954173971004	5.60770617442306e-11	3.99455829184114e-10	chr17	6266720	6268860	chr17:6266720-6268860	1080.851297	1059.249705	1194.361754	347.61074	381.531001	218.849415	3258.787828	3858.749145	3677.704951
3621	1.35903739846183	6.30505270877642	60.9898728748883	5.65223836687504e-11	4.02141741778513e-10	chr4	134016920	134020140	chr4:134016920-134020140	186.563404	201.25739	194.16666	147.669192	173.071338	178.612543	457.778212	459.246742	444.585648
2895	1.19062127433579	6.6741207050113	60.946505977616	5.71744278736416e-11	4.06290174431391e-10	chr2	102183100	102185200	chr2:102183100-102185200	204.307292	228.429622	179.012158	250.035753	254.354024	239.949275	537.642061	600.967618	672.611102
4675	1.0069203125254	7.03033717963463	60.936104534832	5.73319685886006e-11	4.06918827657164e-10	chr7	28288730	28292120	chr7:28288730-28292120	285.168332	331.015654	295.630536	308.950969	348.354399	342.872415	677.610375	767.242634	695.434867
5040	1.19485521436015	6.75975526920374	60.8048390138346	5.93590136739811e-11	4.19788654926077e-10	chr8	12394440	12398180	chr8:12394440-12398180	274.268602	227.969032	281.304808	299.694509	259.330513	187.445024	610.096216	588.858377	623.354165
2433	1.2660845304806	6.57881016769123	60.2284522839349	6.91730340856715e-11	4.84540242329002e-10	chr18	38601400	38605770	chr18:38601400-38605770	406.206478	314.896609	395.081805	157.361386	190.212543	163.400996	418.051893	485.819362	406.050807
3715	1.62858650755009	5.8503693208879	59.7094756866855	7.9439408831228e-11	5.51860327151845e-10	chr4	149952600	149954100	chr4:149952600-149954100	120.150949	163.95346	148.703215	95.39697	100.082745	118.257113	285.699647	350.71375	397.876782
2630	1.34131040545021	6.35846150293381	59.6652039680598	8.03849286051811e-11	5.57771041711568e-10	chr19	24029780	24031280	chr19:24029780-24031280	226.106788	228.89009	207.900334	183.824157	170.306587	150.6429	392.734063	514.858763	459.447812
2933	1.1423439191515	6.80576875225813	59.4780403619231	8.45121910030266e-11	5.8323771589882e-10	chr2	119871860	119874060	chr2:119871860-119874060	304.17953	352.31577	439.242773	252.213714	231.406811	219.830851	432.254555	647.609626	581.52834
5412	1.00186598694346	7.27473972414575	58.5141734537721	1.09504845200865e-10	7.44051952800806e-10	chr8	111939180	111941340	chr8:111939180-111941340	341.441611	485.182514	369.626958	312.109205	403.925208	435.490786	838.161979	873.869199	737.15424
4022	1.41835813723603	6.22664257259849	57.5648828809685	1.4162060663013e-10	9.5129645799099e-10	chr5	129909190	129910730	chr5:129909190-129910730	182.50771	229.350662	179.959289	111.514251	163.394772	172.969531	434.312865	419.780205	416.560185
2077	1.3167843131009	6.46122140112866	57.3745607093155	1.4915098200777e-10	9.97330800235837e-10	chr17	6489260	6490860	chr17:6489260-6490860	283.393964	314.090633	349.499939	179.032612	182.194889	120.710607	361.447136	471.131531	452.229035
341	1.40501934573103	6.24141226846856	56.46517565195	1.91262212648398e-10	1.26456306926118e-09	chr10	56377940	56379960	chr10:56377940-56379960	136.880818	157.505895	175.223548	143.748806	132.706434	215.414577	392.734139	435.925604	555.838314
1528	1.03130276741038	6.90860268870742	56.2401156218053	2.03463344051918e-10	1.34071874699088e-09	chr14	34768730	34771440	chr14:34768730-34771440	349.67976	350.128109	402.303751	247.63993	292.645313	281.167624	603.715333	526.295	653.078286
961	1.13451017639248	6.72089579443249	56.2166396087357	2.04781430090342e-10	1.34789654152202e-09	chr11	98835180	98837380	chr11:98835180-98837380	421.542171	367.743944	512.17359	195.367682	188.277246	197.504155	411.670995	457.228391	490.445568
3315	1.23321979812358	6.62492063063486	56.0770983116288	2.12799869323304e-10	1.391347425287e-09	chr3	116661920	116665260	chr3:116661920-116665260	246.892411	227.968993	302.14219	173.369789	283.107028	193.33339	586.219045	504.991976	531.634412
2938	1.17036884182903	6.74513547343123	55.2424767646164	2.68012505672982e-10	1.72176845247496e-09	chr2	122231200	122232700	chr2:122231200-122232700	430.920997	521.335129	495.361678	140.263963	171.965402	231.116813	451.191412	385.246926	459.023204
5425	1.3957527379419	6.19440576783996	55.0063807110772	2.86170012915041e-10	1.8304316461265e-09	chr8	119449180	119450680	chr8:119449180-119450680	297.082127	313.630067	325.821064	121.968698	98.976887	122.673381	292.286416	304.071593	366.454166
761	1.04285534924867	7.0489029392178	54.9756211854449	2.88627302781453e-10	1.84214890648487e-09	chr11	63919760	63921260	chr11:63919760-63921260	484.659424	396.988459	485.890133	323.652534	210.11857	316.497465	675.963566	590.652436	592.356369
5063	1.24266473379028	6.52955097803469	53.9641665452409	3.82813252130693e-10	2.39909879606586e-09	chr8	18847940	18849450	chr8:18847940-18849450	286.435743	296.014332	305.457253	126.978119	219.656817	211.121047	465.805574	489.183091	447.133527
3528	1.10312732127226	6.73197771316674	53.6713073185643	4.15622413126458e-10	2.59918432667512e-09	chr4	119111120	119112800	chr4:119111120-119112800	295.307641	306.261456	324.637119	258.312147	191.318468	267.673466	495.651806	644.470235	502.759902
3132	1.31107145680274	6.47771960224856	53.3763052966218	4.51610257025208e-10	2.80933054290971e-09	chr3	8997300	8998800	chr3:8997300-8998800	360.452867	300.734866	369.390132	195.585445	103.400411	169.780099	378.737171	391.525847	468.364871
938	1.13712154340745	6.67439640664834	52.8159644619949	5.29080569057624e-10	3.26026530577245e-09	chr11	97575120	97576620	chr11:97575120-97576620	302.658739	321.459269	287.934922	183.38858	215.095058	272.825804	430.607756	590.652483	552.016607
3192	1.23153966434023	6.50754684201118	52.5751538551179	5.66466590544486e-10	3.48335562097867e-09	chr3	81032220	81033720	chr3:81032220-81033720	310.77011	374.882318	268.044614	175.547911	159.247715	191.861353	363.917119	512.616075	443.736389
1189	1.32206079350017	6.52753585986566	54.1551503372312	6.97646689045881e-10	4.25054005156885e-09	chr12	80113750	80115260	chr12:80113750-80115260	355.129715	243.282116	259.520233	226.948874	167.403612	145.981321	474.862379	568.228126	400.10591
1817	1.06767955047948	6.72798156407915	51.8432582865218	6.97720629751669e-10	4.25054005156885e-09	chr15	84168720	84172040	chr15:84168720-84172040	191.633082	246.620975	184.458318	280.310194	248.54806	295.888467	594.041211	645.143299	600.4243
5255	1.07526001705821	6.84053036994019	51.8026883975769	7.05855046690809e-10	4.28238113290994e-09	chr8	83164620	83166400	chr8:83164620-83166400	346.257672	239.482617	291.723479	304.486036	276.471765	239.94929	646.323203	687.524967	509.129368
1104	1.36252365288087	6.30343836597912	51.774347780987	7.11595393398565e-10	4.31276590793307e-09	chr11	120819760	120821300	chr11:120819760-120821300	252.4691	290.142431	250.522317	93.65453	181.365472	163.400894	359.800503	474.046776	367.303535
2896	1.11561690606127	6.64755480922094	51.4232857690053	7.86827347916499e-10	4.74431924931023e-09	chr2	102400500	102402100	chr2:102400500-102402100	407.60069	396.067233	437.348565	156.381268	200.71848	198.240317	389.852469	445.792309	445.647205
1898	1.09095776654718	6.700257344748	50.9222608634762	9.08667745256664e-10	5.43447887036244e-09	chr15	100468500	100470020	chr15:100468500-100470020	340.934613	284.385619	272.070013	239.581327	210.671535	256.878226	472.598148	613.973398	519.744902
4852	1.01294301122675	6.87206252580315	49.790397283703	1.26091689455529e-09	7.4280614258252e-09	chr7	96206740	96209480	chr7:96206740-96209480	461.84589	401.13345	507.201073	272.251449	200.718483	235.042394	452.837911	586.615805	485.774632
2507	1.0101309155512	6.86107918483456	49.7597331190105	1.27221696935505e-09	7.48714302344717e-09	chr18	82909600	82916880	chr18:82909600-82916880	297.335557	393.99487	301.194982	237.403303	272.048077	317.724346	518.705335	618.458314	636.305651
3872	1.07406616058966	6.73514209846959	49.5204443199659	1.36406283558804e-09	8.01165918688846e-09	chr5	75576580	75578120	chr5:75576580-75578120	364.001497	327.446432	296.459285	254.391772	213.436168	239.949197	563.16571	454.761903	563.906177
1707	1.15334672130228	6.566581051655	49.47689633836	1.38149965338203e-09	8.09792483390399e-09	chr15	53341360	53345220	chr15:53341360-53345220	313.811909	271.260004	278.463314	152.89641	225.04797	234.061	484.124931	487.501129	473.885201
2952	1.65320908520356	5.61485892674548	49.4646620077526	1.38643956322962e-09	8.11880265107919e-09	chr2	129799640	129801140	chr2:129799640-129801140	149.554927	121.122913	134.022339	104.544584	53.635513	94.703835	286.522973	323.804859	236.942574
3362	1.02393994866612	7.52378123159237	57.4173643100731	1.64738209888502e-09	9.56130831973561e-09	chr4	6455340	6456940	chr4:6455340-6456940	400.24985	323.071269	437.348607	479.816355	592.755148	365.812394	1171.203922	918.493792	1018.683311
3519	1.15848589031223	6.49932046792313	48.7455138948911	1.71128610632974e-09	9.90293364674706e-09	chr4	117493700	117496360	chr4:117493700-117496360	285.928734	290.602936	334.345441	192.971857	180.812513	181.066003	339.216887	498.264806	487.048529
2721	1.00879841243189	6.83392367270164	48.1146704764376	2.06068071257758e-09	1.18781507610514e-08	chr2	18045820	18047320	chr2:18045820-18047320	254.496896	246.851341	296.93281	314.504967	223.389183	333.67198	681.727004	628.324803	550.742665
2834	1.20424876243945	6.3552594357736	47.7925670527025	2.26667180361859e-09	1.29892641975847e-08	chr2	58567740	58569380	chr2:58567740-58569380	233.204318	173.624871	204.822082	161.608518	207.906711	185.482233	464.776383	459.919539	435.03168
5782	1.16551407193067	6.45452069578034	47.7657112484316	2.28477843384254e-09	1.30803010240684e-08	chr9	108661300	108662980	chr9:108661300-108662980	234.978735	213.001314	234.894306	150.065045	229.194988	219.340146	443.781205	500.955705	483.864031
5704	1.08783911150667	6.86748656699811	49.9097698338737	2.33205188987781e-09	1.3337978333272e-08	chr9	78357500	78359000	chr9:78357500-78359000	334.090622	419.094511	419.115623	266.588742	195.742046	282.639763	390.264042	701.427853	602.972074
2029	1.29771743352411	6.15354403997249	47.0432525451558	2.83217995019321e-09	1.60581059543678e-08	chr16	50428490	50430100	chr16:50428490-50430100	172.241703	151.633947	230.98728	167.598036	136.024091	150.152288	335.511905	433.683123	422.186488
2903	1.17549707325076	6.53826370118427	47.0104908533334	2.85999600655574e-09	1.61846652013639e-08	chr2	105396600	105400320	chr2:105396600-105400320	249.427241	184.908177	309.482645	226.731001	237.212798	160.21145	524.468592	511.49512	466.454079
1207	1.10351121726804	6.5581296802938	46.9980789510429	2.87060766108182e-09	1.62291264217207e-08	chr12	85746550	85748420	chr12:85746550-85748420	201.772451	167.5227	217.371931	226.622135	265.827545	216.273297	442.134581	613.973411	571.867879
3690	1.17645259730845	6.45130206551155	46.3500015044069	3.48508056878753e-09	1.94234717414639e-08	chr4	146907480	146909020	chr4:146907480-146909020	297.082305	286.918572	251.469461	185.566611	185.788986	173.705661	515.412128	370.447184	419.957292
4948	1.22251604654481	6.25622140140601	46.0165829387535	3.85255897207035e-09	2.1350352685293e-08	chr7	130935300	130936800	chr7:130935300-130936800	275.282437	262.509806	320.138098	148.104827	148.188911	130.524485	309.576612	392.422762	361.783295
2182	1.00763261860021	6.81439553107673	45.8819849886412	4.01201832687399e-09	2.21923004353189e-08	chr17	29886220	29888660	chr17:29886220-29888660	290.744939	384.784051	421.483668	222.157244	210.671482	325.820811	505.531797	552.979846	561.570983
2744	1.11962071699258	6.55363387309409	45.8752564036411	4.02016610646845e-09	2.22165089429696e-08	chr2	26091500	26093240	chr2:26091500-26093240	304.179551	290.602916	323.453142	217.801209	156.48303	222.284267	518.705392	450.725631	405.519968
3293	1.36271656003331	6.3925956990158	49.2418258296342	4.05404033672846e-09	2.23827100502974e-08	chr3	103101770	103103540	chr3:103101770-103103540	174.52299	188.132018	330.793667	183.715261	112.800472	214.555891	397.262285	480.325477	521.761895
2424	1.35948188454323	6.01799169545519	45.1424373692205	5.0180787287174e-09	2.73211661653181e-08	chr18	36279840	36281340	chr18:36279840-36281340	114.067275	192.967709	159.121959	119.355086	145.977064	145.736088	338.393557	456.107352	330.785372
179	1.41973749098565	5.88840427381893	45.0747818425542	5.12225202836265e-09	2.77600613607032e-08	chr1	133047220	133048720	chr1:133047220-133048720	166.28483	179.611905	199.375984	130.680714	112.80049	87.343502	345.803477	266.847479	328.662315
2299	1.17455178109669	6.45580066535829	45.0601342961294	5.14509786306979e-09	2.78582458743972e-08	chr17	51832400	51834010	chr17:51832400-51834010	268.691934	318.350794	437.23014	167.489127	182.747813	141.687858	431.431171	377.062293	372.186734
2447	1.09488193208136	6.50668664962112	44.6144165955398	5.89294635763582e-09	3.17035132354636e-08	chr18	53462640	53464200	chr18:53462640-53464200	330.034823	377.645661	339.554801	189.704872	171.688973	170.761389	409.201006	390.404502	409.766259
2759	1.17594667475062	6.34600485870287	44.564648358359	5.98313682742044e-09	3.21593604473848e-08	chr2	28469140	28470680	chr2:28469140-28470680	185.04254	215.994907	268.991783	192.100679	202.3773	145.245342	413.317607	463.283158	425.052953
1354	1.0261374761303	6.60762135100767	44.448550434908	6.19910545959663e-09	3.32292359076285e-08	chr13	51846930	51848920	chr13:51846930-51848920	115.588208	131.024625	135.443031	246.87776	284.489441	305.70229	516.029593	710.509483	591.931629
968	1.51190277138156	5.60932881421567	44.3590417660273	6.37108925813751e-09	3.40581550087914e-08	chr11	100317980	100319480	chr11:100317980-100319480	135.359835	134.939238	119.341448	102.366581	98.423927	73.113355	223.94903	304.071624	308.280103
2647	1.0358048511111	7.01653929836087	47.6553234786738	7.34256198657327e-09	3.89334227388867e-08	chr19	38053790	38055420	chr19:38053790-38055420	332.062885	348.401015	513.002427	358.392117	217.997901	306.929127	709.720472	580.337284	632.059241
1167	1.0662231340533	6.51035338503025	42.6310094307349	1.08556743352968e-08	5.61464245032778e-08	chr12	70112800	70114720	chr12:70112800-70114720	109.758048	98.786542	100.398363	283.794979	200.71846	298.341905	558.22586	559.258301	625.052887
2437	1.32685248284326	6.0272136205919	42.5913283130146	1.09904816671547e-08	5.67440205970275e-08	chr18	44658800	44660300	chr18:44658800-44660300	83.142355	75.529113	73.878035	147.669225	191.87138	148.189527	548.345325	330.083633	415.710985
4912	1.25714250155186	6.04035185190664	42.4408157030337	1.15177036562113e-08	5.91681079072459e-08	chr7	126396060	126397560	chr7:126396060-126397560	161.722126	201.257496	179.485721	142.006383	141.000642	135.431447	352.390349	340.847387	371.124928
3880	1.06357352533693	6.49144522330497	42.0455341395923	1.303014357924e-08	6.64018822018188e-08	chr5	88675540	88677080	chr5:88675540-88677080	179.466049	190.204426	228.26426	196.02123	256.012745	226.209876	523.645606	545.355285	438.641032
5586	1.15823286230683	6.54689302413148	42.8754837040097	1.54170387824905e-08	7.76918524103092e-08	chr9	35114860	35116360	chr9:35114860-35116360	225.092857	310.636602	361.339347	258.312144	186.894909	141.810493	489.065112	457.901254	450.10602
2360	1.21141335682442	6.11080876639126	41.3689090435487	1.61120453069797e-08	8.07796245986529e-08	chr17	80727970	80729500	chr17:80727970-80729500	166.538288	197.803447	192.390749	168.251447	132.291707	153.096465	346.421138	373.922926	398.938363
4543	1.04532045664803	6.59699337303068	41.1724502312253	1.7140993677712e-08	8.57923481354301e-08	chr7	3426870	3428370	chr7:3426870-3428370	486.687432	552.882362	554.321932	134.818961	127.453472	162.174306	301.343103	300.259498	329.511417
3349	1.31875376558012	6.20005845502516	42.1900881638302	2.08768620707524e-08	1.03436160184022e-07	chr3	148987010	148988510	chr3:148987010-148988510	91.507266	223.593844	174.749884	164.439921	164.500631	158.984699	363.505612	407.895443	526.751425
4120	1.07512818581427	6.39100245493603	39.9960627692147	2.48953467642964e-08	1.22012053068611e-07	chr5	144545060	144546650	chr5:144545060-144546650	187.957579	209.547288	265.321604	178.052453	201.962587	215.414604	462.100636	474.831519	396.284321
1426	1.08118105597214	6.38512483088629	39.701272453417	2.73546735682088e-08	1.33288984276525e-07	chr13	96130380	96134320	chr13:96130380-96134320	225.092811	277.707743	334.819107	191.665072	161.459503	180.575285	398.497484	402.289435	400.849071
3178	1.2496907002849	6.15602810674041	39.2908144346046	3.12032105550653e-08	1.51290628296205e-07	chr3	58416420	58417920	chr3:58416420-58417920	147.020134	165.795625	201.743898	102.802214	199.059615	176.64973	300.519678	443.549704	470.488016
1565	1.11658268105052	6.35364558906585	39.0276632912048	3.39605281857393e-08	1.63582560541448e-07	chr14	55491000	55492960	chr14:55491000-55492960	242.583128	218.758186	257.152378	228.037832	154.82416	160.702216	461.071531	433.458966	359.872435
5813	1.0851309318277	6.81252557970019	42.148123508776	3.62713418482962e-08	1.7343707372428e-07	chr9	118607080	118609510	chr9:118607080-118609510	389.856869	508.324711	525.315482	152.678632	177.080168	295.397791	354.242948	530.107036	527.812863
5023	1.25771855883415	5.9891271552169	38.4569468360961	4.0838288687054e-08	1.94171395202127e-07	chr8	4165440	4166940	chr8:4165440-4166940	160.201225	189.283392	167.646308	104.109	143.765265	158.494078	370.503773	289.271673	369.426619
3106	1.15230549224975	6.15275033861754	38.1338811964218	4.53535641100201e-08	2.14600679656328e-07	chr2	173290560	173292060	chr2:173290560-173292060	235.739124	265.273008	257.152358	126.760287	144.31821	152.60579	349.920462	347.574539	303.184414
805	1.05247056646173	6.38551104900183	38.1216700374795	4.55340010160068e-08	2.15281540919178e-07	chr11	70409580	70411120	chr11:70409580-70411120	227.627657	239.482601	227.316993	182.953032	170.859529	234.061008	448.721292	406.325735	438.21637
2428	1.13647777173119	6.3133646093602	37.4031990603747	5.75669737703352e-08	2.69148446413527e-07	chr18	37805520	37807100	chr18:37805520-37807100	234.725232	217.837042	255.258091	133.29432	145.977077	244.365554	448.721204	422.022698	347.345742
2309	1.06598633472505	6.35406449960022	37.1851259559415	6.18346761675578e-08	2.87630183351568e-07	chr17	56299500	56301000	chr17:56299500-56301000	195.181893	200.796934	265.676754	148.976012	213.436155	215.414583	396.850675	480.774005	410.190914
4406	1.1068090666679	6.28096824379958	37.0631370735324	6.43630419903447e-08	2.98553291626079e-07	chr6	120294240	120295740	chr6:120294240-120295740	280.352147	273.562792	257.625979	168.142494	160.3536	149.661591	410.847627	300.035235	381.740796
4340	1.36154547126446	5.68582373161849	37.000969589274	6.56923165706461e-08	3.04479494034363e-07	chr6	88444310	88445810	chr6:88444310-88445810	155.891984	182.60542	123.366873	99.535187	104.506314	94.458486	307.518216	236.799189	269.85127
3833	1.02850252787208	6.38287162159551	36.717250386475	7.21280794714874e-08	3.3206080531273e-07	chr5	37028660	37031820	chr5:37028660-37031820	137.1343	154.051766	144.914593	251.995978	212.606752	212.225125	474.656551	431.664943	563.057224
4557	1.15760709843697	6.63660294060508	39.9747313974072	7.39658286188925e-08	3.39091592524432e-07	chr7	5017150	5018650	chr7:5017150-5018650	233.711265	337.3481	323.453185	270.073459	119.43577	256.387573	498.94524	554.325121	479.829919
1996	1.24230545323252	6.16339065434269	37.0816730405299	7.42354110586514e-08	3.40062835572718e-07	chr16	28926180	28927680	chr16:28926180-28927680	211.404749	259.746493	289.829192	169.44934	121.094603	118.747852	436.371113	243.974822	344.798115
1115	1.45333909835778	5.74300475492293	37.3548376919367	8.31005824241949e-08	3.78905209799483e-07	chr12	4908700	4910200	chr12:4908700-4910200	168.312666	156.584799	160.069097	151.589612	86.259181	56.429748	245.355857	309.453356	309.553933
2006	1.0863985248363	6.17260095461425	35.0639334856193	1.25035313035215e-07	5.56752100597468e-07	chr16	30598960	30602500	chr16:30598960-30602500	194.674858	209.08674	263.308931	158.123632	160.906529	157.022002	318.633353	396.010699	363.9065
1612	1.17289747808128	6.12587851004754	34.630795583894	1.44649497700372e-07	6.39257457579063e-07	chr14	68082280	68083780	chr14:68082280-68083780	316.34675	237.640442	290.776398	143.748788	99.529827	136.903554	351.567038	259.671803	297.23981
338	1.01443105727185	6.46834188975823	34.0844704847081	1.74002407649671e-07	7.63252556563075e-07	chr10	45068360	45069860	chr10:45068360-45069860	288.463604	265.272933	182.327177	199.941506	236.65982	194.314762	401.790858	467.319468	490.445705
3434	1.12240901007637	6.07708228066287	33.8332949361867	1.89497165681505e-07	8.27498425032132e-07	chr4	54946640	54948170	chr4:54946640-54948170	192.773773	179.957375	203.519757	133.076534	173.624236	145.736086	387.588064	308.107895	349.468967
4058	1.1504937331922	6.01967636522199	33.5294320075678	2.10162465747444e-07	9.11013308107573e-07	chr5	136564600	136566100	chr5:136564600-136566100	175.410202	236.258767	225.896286	152.025268	141.000545	108.934025	298.873143	331.877524	321.868212
3478	1.19838495998923	5.79383086989562	33.4071244710209	2.19124269929705e-07	9.45685768612373e-07	chr4	101495220	101496720	chr4:101495220-101496720	131.811139	155.203158	143.493867	123.711076	121.647608	124.636124	260.176103	330.532042	315.498761
1608	1.22314716984101	5.82918437373087	33.2485694437917	2.31332228323645e-07	9.96182863344002e-07	chr14	66910460	66911960	chr14:66910460-66911960	141.443461	120.662364	173.329303	137.650374	116.671038	122.182692	228.065748	346.228972	366.454266
3346	1.38489030535106	5.75202992444965	34.0980832846592	2.53648221891521e-07	1.08909743087679e-06	chr3	145939440	145940940	chr3:145939440-145940940	114.067271	103.622265	162.910458	159.43049	67.459088	111.387403	326.043498	239.489981	373.24824
106	1.04880228333363	6.32149133392628	32.2333687146826	3.28064977684062e-07	1.38045055966915e-06	chr1	86063440	86065100	chr1:86063440-86065100	270.212817	284.15528	225.896263	131.987551	166.435962	226.700506	428.137771	336.362515	384.288635
59	1.06031590681941	6.31627627537304	32.1736587138045	3.34916191226068e-07	1.40526444623416e-06	chr1	63450100	63451600	chr1:63450100-63451600	409.628472	358.302708	368.44307	108.029402	168.647747	125.126867	275.819565	261.017285	354.989097
1136	1.28562417742813	5.58649179256323	31.8749420880124	3.7147631366447e-07	1.55049040296873e-06	chr12	27340540	27342040	chr12:27340540-27342040	49.175645	78.752944	107.97559	94.090121	127.729932	125.126882	307.929985	295.550285	295.116615
591	1.09202069298665	6.04283002843518	30.925384243682	5.1754968162398e-07	2.10267943065301e-06	chr10	128368120	128369620	chr10:128368120-128369620	164.763968	145.071174	204.11173	185.566632	129.388707	148.680159	372.150438	333.671567	345.222797
2168	1.18267787546064	5.83196060696747	30.6905713633945	5.62084966443499e-07	2.26952881241854e-06	chr17	28485540	28487040	chr17:28485540-28487040	161.722103	221.521406	201.743856	105.85138	114.459347	119.238586	200.072144	339.053195	285.77471
3215	1.05673571588057	6.08004082282467	29.8185916737635	7.65178241801872e-07	3.01919961316465e-06	chr3	88574940	88576460	chr3:88574940-88576460	164.763915	199.415329	236.551812	154.20326	176.665422	129.052499	303.813037	337.259258	380.042225
3278	1.06934157786581	5.98495209341027	29.6975845885364	7.98835491931054e-07	3.14568173995043e-06	chr3	96560740	96562240	chr3:96560740-96562240	133.839009	169.479983	172.382106	163.350894	154.27124	137.884925	350.74387	351.610805	315.498803
5724	1.18264259233922	5.68340000115698	29.439790119458	8.75731052662105e-07	3.41877510353377e-06	chr9	95637160	95638660	chr9:95637160-95638660	128.515858	101.319557	107.028418	117.612683	97.870975	148.680136	250.295995	326.047244	304.458429
5789	1.0041101862463	6.127882581922	29.2938523098156	9.2260943553766e-07	3.58042963422421e-06	chr9	109874560	109876060	chr9:109874560-109876060	145.499185	184.678021	193.219342	172.498628	179.153606	168.798718	386.147304	378.519742	345.647539
2683	1.11195749326962	5.90185071671022	29.078920019949	9.96416282475685e-07	3.84168775900129e-06	chr19	46499080	46500620	chr19:46499080-46500620	147.527039	135.39978	140.17881	146.362475	175.835977	105.989882	316.163211	332.77465	338.853351
4899	1.01337517132595	6.23858079237743	29.0381102867763	1.01110492211893e-06	3.89563054035487e-06	chr7	118243080	118244720	chr7:118243080-118244720	149.047955	249.154011	273.017171	140.917388	178.600743	207.318136	374.20866	396.907708	358.598586
927	1.1254972940731	6.10414650716061	29.3121984003829	1.15284663331242e-06	4.40715088698473e-06	chr11	97281580	97283620	chr11:97281580-97283620	258.552617	153.821505	197.244886	113.038858	155.100594	185.7276	415.787679	360.580554	271.549771
3649	1.03450445473221	6.12764987063882	28.2939516489378	1.3219408903637e-06	5.00485461769446e-06	chr4	137592900	137594400	chr4:137592900-137594400	161.215179	245.930129	169.067027	146.36241	147.635929	202.165878	368.857286	390.628769	319.744944
2008	1.09331569713267	5.89018191283892	28.2225796723969	1.35653264828503e-06	5.1292258222382e-06	chr16	31429280	31430780	chr16:31429280-31430780	164.256939	114.67531	154.386124	151.589621	149.294694	123.654848	284.052875	319.768436	363.057192
5621	1.18431941734455	6.10479828767111	29.196658360115	1.78744337133744e-06	6.61421413351058e-06	chr9	49795900	49797520	chr9:49795900-49797520	121.671776	200.336412	76.719495	173.805353	166.988922	163.401047	314.516591	409.913791	499.787495
4021	1.11350612351589	5.8579235104778	26.0719735755066	2.98481672292e-06	1.06567001907404e-05	chr5	129724220	129725720	chr5:129724220-129725720	167.298746	216.915943	133.54875	136.343554	89.57684	156.040686	284.052939	335.465518	259.872503
5402	1.06965589386836	5.92776460296293	25.9081776101657	3.17222471627926e-06	1.12575757853019e-05	chr8	111535320	111536820	chr8:111535320-111536820	98.858302	181.454076	163.384098	138.52161	166.988891	136.903564	380.383916	330.532021	275.159134
318	1.07633910477435	5.82615832418519	25.4664550516027	3.74063844657683e-06	1.30933458638052e-05	chr10	19848720	19850220	chr10:19848720-19850220	140.936483	171.322148	231.579193	130.680737	94.55334	144.263899	252.765989	273.574729	302.759988
1340	1.03237670079787	6.0847982055103	25.1578809870952	4.87210222410249e-06	1.67747248405539e-05	chr13	43615040	43616560	chr13:43615040-43616560	78.326196	182.37521	139.705192	215.187541	153.718301	164.382406	412.494441	381.210732	366.878795
3348	1.0277642644912	5.89992112428658	24.0627371943487	6.35341905964535e-06	2.14364213518733e-05	chr3	148985500	148987000	chr3:148985500-148987000	180.479866	175.006535	210.741808	178.161365	102.847467	117.275831	267.586095	315.732158	284.076287
4328	1.10016342910614	5.53061300805598	22.1006078221789	1.35347195666813e-05	4.32157360256475e-05	chr6	85961260	85962760	chr6:85961260-85962760	80.607571	111.912024	89.979631	109.336176	142.659426	94.213172	338.393539	224.241582	223.779049
