regionID	logFC	logCPM	F	PValue	FDR	V1	V2	V3	V4	DMSO1	DMSO2	DMSO3	PDsiNanog1	PDsiNanog2	PDsiNanog3	t2i1	t2i2	t2i3
874	-3.91096839875456	8.09488698121175	1108.18686816577	4.19639153986163e-43	2.47209425613249e-39	chr11	84946240	84949020	chr11:84946240-84949020	1360.189674	1554.794786	1609.215708	1104.25262	1080.451866	1197.29295	97.977678	88.799651	138.853449
4695	-3.94688891684576	7.42825536307532	775.226056203301	2.67208520807963e-38	7.87062698039855e-35	chr7	29228910	29230600	chr7:29228910-29230600	915.834203	1051.996862	1122.614277	684.44111	572.849194	616.67975	61.750655	76.466442	78.768517
5215	-1.84584906007324	9.08494764044806	681.398024724382	1.35174691478684e-36	2.65438035833643e-33	chr8	71527960	71529640	chr8:71527960-71529640	2511.508772	2468.743441	2856.616679	2044.935181	2092.337874	2131.575801	701.899034	784.397074	879.192844
2600	-3.07511761023436	7.7096421642252	665.411675059328	2.76989033376213e-36	3.26348479123854e-33	chr19	10237860	10239380	chr19:10237860-10239380	1074.514685	1065.237215	1078.808993	852.910297	937.791907	882.513421	120.619589	152.708553	141.82584
4554	-2.45196862730706	8.34989610722972	562.704260502886	4.19929028665682e-34	3.53400272552791e-31	chr7	4925000	4926700	chr7:4925000-4926700	909.497159	900.362537	1044.237608	2098.297184	1973.454513	2391.152243	195.132091	221.550688	148.619871
1753	-3.10738311240954	8.12707264552842	658.84412711973	6.90619460618247e-34	5.08554905312762e-31	chr15	76463000	76464500	chr15:76463000-76464500	785.290498	894.83573	976.516304	1749.815243	1806.465678	1908.309199	73.277444	119.745007	141.401223
1771	-2.77638321871095	7.77329773166626	525.90651011027	3.10818192804061e-33	1.83102997380872e-30	chr15	78839080	78840700	chr15:78839080-78840700	755.379267	699.565369	815.026255	1351.239475	1218.133788	1413.689742	125.147958	125.126788	108.704854
1975	-1.78718936507474	8.67853270797497	507.595422261805	8.82031827642619e-33	4.72368136058425e-30	chr16	18400170	18401740	chr16:18400170-18401740	1479.959648	1699.289687	1671.016974	1884.961335	2023.22004	2144.946135	494.416852	520.801185	509.129082
1948	-2.5893761251957	7.75934765916465	463.20701064922	1.27829575992916e-31	6.27536693478556e-29	chr16	4641540	4643120	chr16:4641540-4643120	661.083615	625.418001	718.89	1289.383895	1427.146887	1471.10076	116.0912	132.302516	112.951155
5127	-3.05460954188134	7.12076426626667	441.409348377595	5.16495104865636e-31	2.02844844184231e-28	chr8	47408610	47410110	chr8:47408610-47410110	802.7807	700.716628	824.497663	565.848112	498.201813	493.638286	106.211119	108.98146	88.53502
5363	-1.97296095951752	8.37514385168296	427.403128371492	1.30818401830788e-30	4.5332423834422e-28	chr8	105520380	105522060	chr8:105520380-105522060	1015.199557	1109.909438	1327.673325	1743.062927	1794.853386	2134.764463	268.821183	321.562387	362.42016
5658	-1.51242510719123	8.90452770837356	413.023319706836	3.49269298342156e-30	1.08291865080718e-27	chr9	62524200	62526080	chr9:62524200-62526080	1845.102599	1845.39749	2034.013734	2167.121936	2247.161186	2239.773412	615.036334	829.469723	737.578938
4027	-3.17558895828887	7.12354937340109	397.305316282179	1.05748087981626e-29	3.11480993149879e-27	chr5	134101500	134103000	chr5:134101500-134103000	475.027315	428.305435	393.542672	895.598644	947.744774	907.784346	46.930487	56.95736	52.229262
79	-3.10606983624604	7.3487237254153	372.152798589097	6.7497043256943e-29	1.65677117427771e-26	chr1	74767900	74770240	chr1:74767900-74770240	326.993026	337.578363	422.430833	1275.880905	1166.710628	1263.046055	52.693883	34.98171	48.407646
2534	-3.03938962119766	7.00598476118211	367.846214084983	9.37021346858722e-29	2.20799710173789e-26	chr19	4211440	4213030	chr19:4211440-4213030	675.912616	502.913314	644.360964	518.040652	579.622698	713.837305	88.920903	77.475483	73.885321
1791	-5.13799070786544	6.39714392632375	432.184083156915	1.37951655694823e-27	2.80232139206276e-25	chr15	79800180	79802460	chr15:79800180-79802460	645.621445	702.789789	691.185911	159.648267	106.718076	151.378944	34.992021	17.939345	9.34182
5516	-1.95588538851459	7.88364709936312	321.608592890297	3.95724114716735e-27	7.52003470902029e-25	chr8	124753990	124755490	chr8:124753990-124755490	718.624417	802.266862	922.291689	1352.11088	1223.663548	1460.551265	230.535838	229.174861	221.443681
5090	-1.7814468111809	8.05226243588548	316.07359624855	6.38122344827094e-27	1.13914507072012e-24	chr8	27089320	27090940	chr8:27089320-27090940	901.892583	1053.262585	1033.819073	1385.650728	1344.205271	1385.229404	271.702855	360.580415	312.526412
4696	-2.58152780939947	7.11264404740825	310.279621440325	1.06018019771906e-26	1.78443472707514e-24	chr7	29230780	29232280	chr7:29230780-29232280	747.267973	718.447508	888.430839	570.639588	394.248693	430.829349	155.611679	128.266216	140.976613
5642	-1.65896971170315	8.16119638668174	309.796422496145	1.10642051075617e-26	1.81053423024016e-24	chr9	58255900	58257400	chr9:58255900-58257400	1148.278537	1103.461581	1265.398389	1295.483265	1350.287457	1313.096755	349.097006	417.537804	442.887361
4711	-1.52540168887919	8.3012742886674	300.140179551291	2.62744765663505e-26	4.07323530137817e-24	chr7	30464620	30466440	chr7:30464620-30466440	1544.979027	1399.36156	1541.967255	1131.695689	1087.639495	1174.721621	583.337684	546.700943	560.509202
992	-1.62417874115037	8.17838757814143	297.120408925508	3.45971843808384e-26	5.22594905609023e-24	chr11	102225430	102227390	chr11:102225430-102227390	1381.482212	1225.966518	1571.802288	1114.272601	1008.015389	1022.60624	437.194589	539.525216	494.691927
1574	-1.98157613532894	7.66039772053764	296.147668618111	3.78224010079508e-26	5.57029410844595e-24	chr14	55881600	55883140	chr14:55881600-55883140	805.569439	732.263951	873.276373	915.637218	1082.109996	1055.973419	211.59895	221.999166	228.449978
2921	-1.5441780242169	8.23104897605543	295.872690089858	3.87891487851198e-26	5.57333842666197e-24	chr2	118543740	118548440	chr2:118543740-118548440	1188.328308	1237.479834	1312.755641	1322.925252	1377.934658	1288.56256	444.604779	497.367992	449.256755
5437	-2.94737640772925	7.01958642888468	285.624857920058	1.00758211142757e-25	1.38038749265577e-23	chr8	120224280	120225780	chr8:120224280-120225780	289.477552	267.115226	306.877958	959.19692	948.850712	1028.985524	41.990444	52.472538	26.751561
3644	-4.50826554276747	6.05866555561292	277.598569800285	2.17037278504113e-25	2.84125912815051e-23	chr4	137278860	137280580	chr4:137278860-137280580	243.09013	184.217399	256.678776	429.722084	411.113427	448.24909	9.880098	13.454509	8.917195
2056	-1.34027739156872	8.61681167248718	277.306232596873	2.23264260267069e-25	2.8592386026811e-23	chr16	93716760	93718420	chr16:93716760-93718420	1562.976089	1695.721131	2051.062523	1455.348453	1500.688139	1416.142841	687.490091	764.215243	818.683503
5405	-1.19060426072586	9.0283728495052	276.84351590725	2.33499202433782e-25	2.9266889394413e-23	chr8	111738920	111740420	chr8:111738920-111740420	1963.986105	1746.841271	2091.317057	2220.265387	2465.021775	2650.729203	840.631747	992.044753	928.662223
3440	-2.27079323132706	7.21708368549321	275.6719773937	2.61631111739069e-25	3.21097683178095e-23	chr4	57294400	57295980	chr4:57294400-57295980	750.309649	805.030119	831.128042	604.1809	489.907829	475.97315	145.731507	183.878073	207.643227
4475	-3.16049951996764	7.935132974463	378.736965564891	4.37546624963915e-25	5.11474907394369e-23	chr6	128041900	128043400	chr6:128041900-128043400	401.010051	306.72194	392.12187	2037.31251	1947.466616	2190.948882	41.990435	65.927036	25.477688
3834	-2.92151719402397	6.55924483856611	262.137682441066	1.00250712067804e-24	1.07696489766006e-22	chr5	37243240	37244740	chr5:37243240-37244740	454.241767	527.322271	635.540545	354.144697	364.942716	275.77001	79.864166	70.860358	79.405481
5200	-2.18426552297398	7.76690433865034	260.693750972699	1.16077650236173e-24	1.19967269744086e-22	chr8	70877460	70879000	chr8:70877460-70879000	441.567512	345.407515	403.014074	1679.683334	1612.935365	1829.797858	69.160698	104.945054	110.82798
729	-1.94178966461932	7.61028857421403	259.950545025849	1.25206192404081e-24	1.27170634388352e-22	chr11	59308360	59310380	chr11:59308360-59310380	728.003465	889.309333	868.540437	947.000064	807.297213	977.95348	202.542148	221.99917	277.282393
2889	-2.15270731944013	7.38577334693163	257.173135025947	1.66402425253394e-24	1.6614859104538e-22	chr2	92914620	92917080	chr2:92914620-92917080	787.825253	782.002915	778.560627	646.87004	730.991222	755.178359	200.072136	233.211232	140.551954
2321	-2.35052783032672	7.17910235707302	255.334207914553	2.01158945709681e-24	1.97504558195956e-22	chr17	56723020	56725420	chr17:56723020-56725420	413.177215	454.786609	512.647349	1002.322284	850.7033	854.053062	108.681144	83.417922	100.212303
3967	-1.52878540222646	8.09567785810337	254.147521600908	2.27484478709724e-24	2.16146945819191e-22	chr5	119682080	119683660	chr5:119682080-119683660	1254.741042	1189.122999	1272.975167	1117.32107	999.168576	1067.750441	424.844534	537.282922	439.065604
4238	-3.77717302861426	5.99904359449039	253.306100204164	2.48281559841354e-24	2.32162963337368e-22	chr6	48448000	48449500	chr6:48448000-48449500	425.851396	385.014319	359.91863	211.702732	211.777393	228.663352	34.580346	37.672633	20.382153
899	-1.9767535461229	8.28001584676201	342.758851227075	2.60999071276074e-24	2.40241488888648e-22	chr11	95096220	95097920	chr11:95096220-95097920	1210.128021	943.653281	1095.857533	1721.936254	1566.488513	1979.459513	265.939436	367.756266	265.817346
607	-1.20442750134655	8.75126984543705	249.591608803244	3.66332030937995e-24	3.22098805112795e-22	chr11	3126540	3128280	chr11:3126540-3128280	1428.630223	1668.088345	1625.790491	1976.328021	2113.902397	2073.673039	715.484156	804.579047	704.0334
4098	-1.35082487424307	8.41984966211524	245.110567021094	5.89309945065265e-24	5.03134041504272e-22	chr5	140608200	140612140	chr5:140608200-140612140	1460.56911	1421.237041	1612.530507	1373.455908	1262.922369	1370.999323	530.232157	663.755014	721.018629
1356	-1.43433162920249	8.25573847890768	239.298985596148	1.10309125811555e-23	9.02543139105372e-22	chr13	51852700	51854300	chr13:51852700-51854300	1154.615179	1286.298172	1406.050639	1273.266044	1306.604864	1322.175216	449.132906	625.858531	471.12505
669	-2.72938925397848	6.67757879284589	236.560130400669	1.48844866657414e-23	1.20115768421757e-21	chr11	32536450	32537950	chr11:32536450-32537950	566.027568	547.586202	497.255834	405.110556	386.507416	414.39094	52.282217	107.635979	105.520116
2527	-1.64985545188222	7.82911451910702	232.831946395362	2.24787884033123e-23	1.74240187478833e-21	chr19	4152580	4154380	chr19:4152580-4154380	905.948683	1042.670396	1252.611886	915.637407	853.468279	832.953097	360.212186	413.949895	329.299234
3959	-2.21471663983292	7.06384106918484	232.378779996373	2.36422118551175e-23	1.80878272777269e-21	chr5	117365130	117366630	chr5:117365130-117366630	741.945036	793.746347	781.165539	384.855096	353.883725	444.323382	128.029694	241.956746	174.522208
1884	-1.3577073061628	8.24974029080458	229.520896164677	3.2558977584616e-23	2.4590376532176e-21	chr15	99052680	99054460	chr15:99052680-99054460	1266.90792	1432.750067	1339.749726	1173.078907	1109.204034	1214.958618	587.86593	592.446066	529.935906
329	-2.21409745585194	6.96155759856819	227.904455336056	3.90732300682374e-23	2.91367592825299e-21	chr10	34299450	34301620	chr10:34299450-34301620	428.893399	567.504601	536.444577	629.555077	604.090612	644.158743	128.441362	116.717778	112.101894
4699	-2.04649465537607	8.01355967987429	305.590975669515	4.91016918367038e-23	3.57108724209904e-21	chr7	29290400	29291900	chr7:29290400-29291900	1178.189041	1154.582436	1162.631636	973.571948	1320.981974	1108.968674	217.362315	354.750146	350.743028
5319	-1.64490931879383	7.90808718325366	223.785464690107	6.24758775408028e-23	4.48835847064475e-21	chr8	91803720	91806300	chr8:91803720-91806300	975.402735	1000.760773	1070.758036	947.871133	1121.92205	1114.856788	256.882714	404.083407	399.9999
5216	-1.91946094491336	7.41773375904525	222.988113917576	6.84709308435296e-23	4.85978618794257e-21	chr8	71533760	71536580	chr8:71533760-71536580	697.078157	590.87719	782.349286	802.379754	790.708962	924.958131	189.368659	230.520322	173.672957
502	-2.13229215059178	6.97512850953184	222.564462606634	7.18943142564917e-23	4.98269888570579e-21	chr10	81479700	81481390	chr10:81479700-81481390	624.835714	632.211348	724.69154	457.382676	441.110603	433.4054	138.321431	148.223729	203.503068
2134	-1.92844753041387	7.27022672578115	222.071406366704	7.61015371835708e-23	5.2129552970746e-21	chr17	25794640	25796640	chr17:25794640-25796640	715.075501	721.441013	735.228373	644.473997	625.379016	607.724581	201.718734	186.568952	230.573224
5397	-1.68365189590934	7.70947960202352	221.628068748702	8.01010154276911e-23	5.42385151591411e-21	chr8	110726410	110727920	chr8:110726410-110727920	739.156376	680.107533	725.283211	1062.870537	1197.53668	1213.731502	244.738432	256.195993	223.991391
4866	-2.3478305296184	6.89829503403256	221.229873738725	8.38777845793368e-23	5.61504578360083e-21	chr7	99383800	99385420	chr7:99383800-99385420	402.023985	404.357008	396.384136	755.33502	691.732127	694.822707	96.330989	68.617948	90.870449
3171	-1.53771705355954	7.88881864368291	219.932966597136	9.75009949861475e-23	6.45368945464489e-21	chr3	51220270	51222600	chr3:51220270-51222600	980.346076	1029.659789	951.771818	982.283909	1083.76898	1050.085098	369.063095	401.280368	338.534888
3830	-2.77245486156408	6.53103766481985	219.087871698009	1.07587291375655e-22	7.04218592771094e-21	chr5	36395480	36397550	chr5:36395480-36397550	429.653641	437.631305	407.9867	429.504041	465.716559	410.956168	56.810572	53.930122	91.932027
955	-1.98499978878218	7.15171867154687	215.380842211064	1.66268494093424e-22	1.06466054206996e-20	chr11	98346900	98349480	chr11:98346900-98349480	620.526208	635.089363	763.879974	589.805601	540.225878	604.044549	172.078471	164.593344	215.286532
2432	-2.08502272691732	6.86743287123823	211.663594256353	2.58767474794005e-22	1.62170127022498e-20	chr18	38216380	38217880	chr18:38216380-38217880	573.885278	569.692385	666.32276	390.735607	424.107621	444.568814	143.2615	164.593358	154.564707
5438	-2.10631933137998	7.08040973571673	206.68887375998	4.72146066804198e-22	2.80950755509447e-20	chr8	120227340	120229020	chr8:120227340-120229020	390.870833	371.197978	433.559743	793.450958	961.568339	842.521531	92.625942	95.751153	112.526475
2485	-2.30694607573718	6.7968388923022	199.407245775227	1.16176308210055e-21	6.73463395402349e-20	chr18	75369820	75371320	chr18:75369820-75371320	510.514666	519.953185	453.213279	515.317909	448.713519	580.981753	101.271066	86.108779	138.428831
1209	-1.66677473890674	7.5176838013892	198.337910994455	1.32877035240247e-21	7.4550344247647e-20	chr12	86469440	86470980	chr12:86469440-86470980	889.218216	768.64736	851.491769	725.27839	646.943546	813.079767	270.056251	297.344242	291.719712
1132	-1.32773546469665	8.07362850434949	197.259157652744	1.52242858004117e-21	8.46096864624764e-20	chr12	24716440	24717940	chr12:24716440-24717940	987.569814	999.839731	1127.11372	1261.069922	1243.569652	1222.319167	452.01474	448.483213	443.736516
4092	-2.56214996768737	7.08948567588532	235.905316519345	1.86619238942878e-21	1.00504301129565e-19	chr5	139913390	139915000	chr5:139913390-139915000	470.21084	442.467034	466.946956	816.972697	761.40265	902.508852	93.860972	49.893796	108.917153
4289	-3.25960415569852	6.27646244174115	191.901221608781	3.01761359238213e-21	1.58721086363599e-19	chr6	72239420	72242240	chr6:72239420-72242240	178.958951	153.821485	210.268246	599.824851	614.873098	517.682168	18.113513	17.490863	25.477692
4474	-2.25731130453158	7.21699574992245	191.1712975315	3.31605337880881e-21	1.72874959774891e-19	chr6	128036710	128038210	chr6:128036710-128038210	220.530198	209.777599	217.608746	1225.35035	1155.098517	1329.045402	41.990412	60.545277	44.586
3937	-1.79124745693389	7.22983339727378	191.051276341988	3.36796363757262e-21	1.74040998148599e-19	chr5	114273460	114275260	chr5:114273460-114275260	815.454794	715.684254	782.349807	511.615367	523.637366	465.914042	206.247148	262.811122	258.598622
3354	-2.56840858764746	6.363855163454	187.315139856412	5.48225320707999e-21	2.76033791819728e-19	chr3	153973920	153976000	chr3:153973920-153976000	365.268959	381.560171	433.559966	396.616189	320.430816	370.964664	59.280605	80.054293	76.433098
3306	-3.20056893174377	6.1930240711566	186.352068898137	6.2231504610571e-21	3.10682875983791e-19	chr3	108409760	108411340	chr3:108409760-108411340	234.218226	215.534323	282.725536	402.932249	502.072575	482.842993	17.290166	44.399867	24.62844
3085	-2.02618709057546	6.90812026975797	182.622766469163	1.02140334706386e-20	4.93203862094526e-19	chr2	168076580	168079480	chr2:168076580-168079480	397.461253	425.081608	420.063059	641.206798	691.17928	727.208571	86.450888	126.472322	118.89591
1904	-1.46747926190262	7.82669235900387	181.798072619997	1.1408321202948e-20	5.46393660215988e-19	chr15	101081600	101083360	chr15:101081600-101083360	756.646696	815.39202	992.854264	1048.495473	1187.445602	1094.002713	277.466095	359.235142	368.789477
1993	-2.21141699571125	6.59683213062236	179.295378468981	1.59938044354261e-20	7.53756015432763e-19	chr16	23227940	23229440	chr16:23227940-23229440	511.021801	542.520101	523.776341	314.06935	303.565976	356.243847	121.854618	109.429869	138.004189
1276	-1.6978221292277	7.23024931687965	179.054508344379	1.65254419615813e-20	7.72629988854565e-19	chr12	112782420	112783920	chr12:112782420-112783920	725.468226	710.61816	847.229563	507.912558	522.531584	474.991924	236.299192	253.841494	272.611342
1274	-1.57700663439486	7.39785281301835	174.649711223067	3.02244943852669e-20	1.38025191026052e-18	chr12	112775470	112779680	chr12:112775470-112779680	751.703903	826.445017	893.876963	572.272735	596.07304	579.14168	291.668953	321.001825	285.350214
3096	-1.5133043099391	7.53919355992291	173.144134562237	3.72469539655187e-20	1.687860044699e-18	chr2	172395240	172396940	chr2:172395240-172396940	784.276482	893.454081	885.11551	655.146521	722.696888	731.134358	286.52307	325.598713	362.632612
5637	-1.08815642930834	8.34408025100892	165.943488773562	1.03070337332324e-19	4.56531847537382e-18	chr9	58133680	58135220	chr9:58133680-58135220	1144.222258	1257.744211	1220.881843	1459.268658	1427.146524	1530.474862	582.102648	634.155046	634.394718
2317	-1.42384523290102	7.68863154898651	165.072835638564	1.16819735836416e-19	5.13570943143527e-18	chr17	56509380	56510880	chr17:56509380-56510880	829.396406	852.465654	944.786343	832.872573	858.444509	887.665131	280.759706	397.804516	385.986984
5086	-1.96839309012555	7.1592045651815	163.930764674411	1.37773469418957e-19	6.01202598775614e-18	chr8	26973300	26974820	chr8:26973300-26974820	335.357921	251.917264	365.364747	958.761491	1002.486278	1153.376448	88.920913	100.908737	73.885278
3953	-1.40633882296412	7.75678878335119	161.608691626367	1.93177039698233e-19	8.24641986132093e-18	chr5	115508040	115510910	chr5:115508040-115510910	785.543765	836.692472	871.026594	1023.992793	1075.06008	951.332981	374.826504	347.013849	296.709019
1958	-2.21639785428651	6.74508782238515	159.968435634363	2.45785348242254e-19	1.0342296332108e-17	chr16	10781560	10783060	chr16:10781560-10783060	317.360674	293.366213	264.256028	700.013633	653.57912	807.682411	79.040826	53.817964	71.337535
1488	-1.59522915853909	7.3021079864838	159.021664274592	2.82670824885407e-19	1.17268579535207e-17	chr14	16577480	16578990	chr14:16577480-16578990	581.236343	678.380384	766.721721	619.317823	715.508835	704.023339	225.389903	260.568724	240.233471
4139	-1.6471438379283	7.15575556248218	158.961326640879	2.8520668489738e-19	1.17493187463669e-17	chr6	4905140	4906640	chr6:4905140-4906640	653.985943	659.497967	646.43268	551.037341	538.566728	589.814152	190.19201	252.944484	238.216481
3407	-1.58116871962641	7.41266769853599	157.329163962924	3.63479781755542e-19	1.47673061677372e-17	chr4	42952680	42955200	chr4:42952680-42955200	702.401421	697.262734	836.100858	724.407733	683.714395	717.149399	220.244001	255.859639	334.394766
1291	-1.66548719693928	7.25172977677253	155.995064354587	4.43756542772967e-19	1.79052725580517e-17	chr12	117150400	117153550	chr12:117150400-117153550	584.658546	660.534318	755.474029	549.186013	691.45564	701.569711	193.485353	217.290055	272.399062
2239	-1.11687920194612	8.18985338451273	155.540057046304	4.75141034768713e-19	1.89645548092199e-17	chr17	35703200	35704720	chr17:35703200-35704720	1106.453119	1183.827415	1313.703266	1078.769092	1152.610374	1260.102417	591.159394	630.567286	578.980701
4826	-1.71742719197689	7.34315465855971	155.521789092764	4.76447820703539e-19	1.89645548092199e-17	chr7	79468500	79470000	chr7:79468500-79470000	555.12787	406.65985	654.483879	916.943753	841.579801	1019.17102	167.961772	199.57497	164.755814
944	-1.72296085346679	7.40743623884349	157.424863322933	6.0344712671e-19	2.3542430618865e-17	chr11	97665080	97667160	chr11:97665080-97667160	520.65411	505.215937	626.779387	925.220525	934.474182	1094.983913	226.41912	173.338744	140.33968
1558	-2.10228171499932	6.89768024810988	167.722415212669	7.90510180525991e-19	3.04372253168537e-17	chr14	54932080	54933580	chr14:54932080-54933580	390.870767	537.454333	547.928838	649.918887	518.1077	591.777101	107.857821	96.872357	166.878926
989	-1.73210254357439	7.29187503808741	151.950847341944	8.1865997297109e-19	3.11143606501464e-17	chr11	102216340	102217860	chr11:102216340-102217860	439.539358	364.520057	352.814988	1083.997452	1044.509883	1077.319035	108.681112	136.563119	134.394863
4046	-2.50959546619862	6.21968784870214	150.040624773092	1.09763717174372e-18	4.1173614293423e-17	chr5	135486520	135488440	chr5:135486520-135488440	292.7728	426.693462	374.36273	327.79081	276.195274	341.768265	46.930516	84.314853	77.494633
2762	-2.90165718083165	7.0921349113658	188.42367634636	1.12326164700256e-18	4.1617197248378e-17	chr2	28538600	28540160	chr2:28538600-28540160	156.399	197.342879	219.503027	1120.805387	1072.709909	1282.673914	9.880098	32.290814	40.764304
2890	-3.74905217001366	5.8721870623358	149.321405711054	1.22660201970546e-18	4.51619531130305e-17	chr2	92917780	92919300	chr2:92917780-92919300	89.986462	120.892711	100.871946	434.078013	495.437284	498.54498	7.821743	8.072698	8.917193
3811	-2.68448414059171	5.8900792852739	146.066732504536	2.03739660816322e-18	7.36337633048439e-17	chr5	31491370	31492870	chr5:31491370-31492870	314.825871	364.750418	442.557798	162.915306	145.700591	167.08127	44.460458	77.139154	67.515919
2322	-1.11250580727098	8.67850015751704	166.250265134656	2.31516288335639e-18	8.31623447917834e-17	chr17	56726340	56727900	chr17:56726340-56727900	1245.61566	1529.695492	1675.278949	1905.107586	1925.62482	1976.761395	582.925916	873.645158	778.980282
4884	-1.85842087602563	7.07551491447432	143.276798566484	3.16746000839808e-18	1.11068493508768e-16	chr7	102245080	102246610	chr7:102245080-102246610	310.770056	374.421676	401.830308	788.223207	1025.571148	860.186749	72.865744	124.005621	128.66238
2888	-2.33926038068509	7.06451698563981	178.435964855127	3.51060009084614e-18	1.22372456421152e-16	chr2	92912980	92914480	chr2:92912980-92914480	343.215875	443.042745	312.560839	851.168308	1040.639391	815.042719	48.577137	103.151143	85.350338
973	-1.88513873451755	6.65862325321611	142.387048504312	3.65063572722962e-18	1.25765468240408e-16	chr11	100411640	100413300	chr11:100411640-100413300	467.929523	540.217563	526.144145	325.394933	358.307413	387.648303	128.441376	172.665992	150.31844
5419	-1.22226475919368	7.9025354350419	141.967814560324	3.90402307248124e-18	1.32535851186963e-16	chr8	117262740	117264240	chr8:117262740-117264240	864.377291	880.098284	1011.560651	1038.041454	1064.415984	1141.35453	349.09707	475.392138	459.023087
870	-2.25913250862988	6.39189409892332	141.950840661545	3.91465593388755e-18	1.32535851186963e-16	chr11	83408540	83410100	chr11:83408540-83410100	479.843524	340.111321	482.101371	357.411858	255.459838	322.876767	113.209472	99.339044	81.740963
990	-1.41528029328423	7.63967055032545	139.34910802968	5.95536845939525e-18	1.94905975523874e-16	chr11	102218340	102219840	chr11:102218340-102219840	588.080495	633.247249	538.930891	1180.047993	1166.710052	1222.318779	188.545349	275.368632	256.050855
4795	-2.4032277602531	6.28960468850003	137.632621485071	7.87777872517236e-18	2.45544944285663e-16	chr7	45866920	45868420	chr7:45866920-45868420	322.430346	342.644379	305.457269	423.841086	408.625212	353.299663	90.567578	51.127114	56.475551
460	-1.42847816258177	7.39872148849471	134.78717841434	1.25922074182982e-17	3.82374710830902e-16	chr10	80383440	80384960	chr10:80383440-80384960	726.989279	705.552569	741.385043	695.439674	664.914307	708.807709	245.355967	286.580739	346.284355
5822	-1.44170703046301	7.45767891812341	133.221291252129	1.63472889608706e-17	4.83929041550194e-16	chr9	121761710	121763720	chr9:121761710-121763720	724.454431	798.351923	934.959757	600.804813	574.784624	733.34231	247.208498	394.553068	341.400985
4421	-1.22492444946964	7.75235539421656	132.775172489642	1.76157766923383e-17	5.18872702472826e-16	chr6	122705480	122709270	chr6:122705480-122709270	950.687782	914.98446	918.147782	806.845224	798.035435	869.019135	451.808782	450.725786	390.657728
5645	-1.31318664494311	7.53189074694772	129.524708351505	3.05226765912286e-17	8.81417097053568e-16	chr9	58456910	58458520	chr9:58456910-58458520	796.823837	737.560347	880.143027	743.465209	647.081905	765.482753	364.534625	337.595665	349.999742
3055	-2.22828435384341	6.28515388122862	129.102943997159	3.28013019689202e-17	9.4259741414102e-16	chr2	162663100	162664600	chr2:162663100-162664600	309.756175	324.222576	250.048738	404.23894	397.566358	459.78031	64.220646	78.933049	62.420371
1512	-1.57807128768646	7.20038336292358	128.766198488127	3.47460556638823e-17	9.93635989883157e-16	chr14	25765230	25767680	chr14:25765230-25767680	454.621709	545.05339	440.781935	817.844351	769.005895	904.717382	138.52726	181.523588	205.520075
4532	-2.35326234307539	6.11223204681996	127.537061922979	4.29122539512769e-17	1.20955066041614e-15	chr7	3329600	3331120	chr7:3329600-3331120	234.218265	270.338885	324.163578	351.53118	322.089499	411.69224	59.280629	54.490725	61.146465
2281	-1.5161245443842	7.16713794752162	127.248655469863	4.51000910295816e-17	1.26516493454888e-15	chr17	46810020	46813500	chr17:46810020-46813500	570.590467	461.003992	503.886262	770.363449	734.861759	727.453925	193.897038	192.175032	197.452107
4331	-3.05176323847185	7.37044213411927	254.384274437556	6.1144232425329e-17	1.6675957093408e-15	chr6	86478800	86480340	chr6:86478800-86480340	465.394843	471.596447	585.814866	1131.259418	998.062568	1152.639935	27.170266	85.660332	86.624222
1853	-1.27119727131478	7.7109515265713	124.724841408527	6.99138042242608e-17	1.88927624167486e-15	chr15	89497280	89499320	chr15:89497280-89499320	884.402407	788.680474	840.125719	831.565944	967.650677	918.088981	433.489482	366.186609	328.874606
4314	-1.69969101627308	6.82268638477713	123.886782825689	8.09739898095477e-17	2.16826260894566e-15	chr6	83442920	83444600	chr6:83442920-83444600	307.72828	356.460447	354.23552	658.41351	678.461532	733.341984	103.741103	132.302539	104.246244
2005	-1.78282532001045	6.61133071241056	123.215753487671	9.11215844855599e-17	2.41800564956952e-15	chr16	30552300	30553860	chr16:30552300-30553860	419.767805	444.194128	466.473742	419.703121	414.154617	373.172782	135.439745	141.047971	142.675049
5224	-1.55918470289712	6.94374700875413	122.70312084691	9.97509981874742e-17	2.63512614494354e-15	chr8	71631650	71633150	chr8:71631650-71633150	532.567751	534.000132	523.065938	515.099829	492.119644	546.387802	152.31826	227.829419	207.855524
3209	-1.1033570721568	7.95141556494607	121.634770405854	1.2054790199861e-16	3.15621195855028e-15	chr3	88537900	88539560	chr3:88537900-88539560	851.703226	1001.681871	1035.713619	1089.44159	1017.968492	1082.471026	414.964218	556.119216	489.596312
617	-1.0337873218321	8.61077692729936	135.568409288951	1.49881369603373e-16	3.87259275584856e-15	chr11	4262460	4265640	chr11:4262460-4265640	1229.899439	1169.779941	1311.335531	2046.024403	2083.490523	2091.829116	487.418197	752.106308	735.244051
3491	-1.77281883838917	6.69071254949666	120.234092755598	1.54776323778589e-16	3.98160403222563e-15	chr4	107807300	107808800	chr4:107807300-107808800	409.628467	446.727229	428.113626	395.527231	458.390015	581.472235	123.501316	129.16316	155.413957
2612	-3.0144429655835	6.10382490355916	144.90102182721	1.85846285664217e-16	4.69880029548456e-15	chr19	12499160	12500660	chr19:12499160-12500660	286.43568	329.749112	330.083225	365.034727	357.754435	271.844475	70.8074	25.563563	29.299348
2874	-1.33091515424935	7.40855411935066	119.040314002902	1.91809010832708e-16	4.80828460772545e-15	chr2	91953300	91954800	chr2:91953300-91954800	534.849162	538.835812	608.546564	960.503319	879.732992	909.747075	233.829153	240.835444	250.106009
2097	-1.51467960123439	7.03335406542342	117.044920198311	2.75395946709306e-16	6.75982300860218e-15	chr17	15371190	15374280	chr17:15371190-15374280	464.000617	528.128133	431.783899	631.732795	646.252598	724.509625	185.869561	197.66892	158.280232
2160	-1.09609468209723	8.05508895525861	116.369981507306	3.25675819236815e-16	7.86293545542654e-15	chr17	28145540	28147040	chr17:28145540-28147040	1140.6738	1099.777659	951.889935	1234.497744	1014.650932	1009.357988	521.998941	559.706895	545.222672
4157	-1.19135203114377	7.73129901847131	114.652912039047	4.27137073815999e-16	1.01462278300405e-14	chr6	29177310	29179620	chr6:29177310-29179620	656.647962	895.411414	864.159714	973.028221	903.924011	1026.6542	403.437676	384.125867	356.687669
3120	-1.08885228278562	7.91848279548852	114.594002993289	4.31810931426812e-16	1.02160570162062e-14	chr2	180888920	180892420	chr2:180888920-180892420	1020.522916	879.638074	1061.286373	1001.886747	915.12115	973.537271	434.724473	517.998066	560.50936
4091	-1.49381880681948	6.99116011174217	114.402805497488	4.47346921869026e-16	1.05412828669217e-14	chr5	139911240	139912740	chr5:139911240-139912740	502.403251	488.636574	537.036289	579.786877	579.484722	580.00028	205.835506	161.005501	220.382118
5865	-1.94551056674507	6.39346355038556	114.118386491806	4.71531042302135e-16	1.10229736912773e-14	chrX	103819170	103820670	chrX:103819170-103820670	347.018109	325.373921	376.493836	402.714366	368.813255	424.941011	106.211128	112.345062	76.433091
1772	-1.2412444840804	7.54872595536807	113.574882817253	5.2156320532134e-16	1.2096570246252e-14	chr15	78844040	78845580	chr15:78844040-78845580	690.994817	800.884899	876.59112	673.006319	740.391466	831.726185	328.513321	339.501749	416.984976
1373	-1.13601055806912	7.78632628562559	113.244271238638	5.54643515556857e-16	1.27633005865056e-14	chr13	55507460	55508960	chr13:55507460-55508960	773.630476	940.890203	1054.656187	871.205906	918.438962	800.812366	433.901265	496.919288	433.12087
3219	-1.39499991575662	7.22378140093863	111.478413044202	7.71809518063196e-16	1.74494613356569e-14	chr3	88625860	88627360	chr3:88625860-88627360	637.25637	589.495447	638.855546	621.60484	605.47299	672.741399	191.015383	286.132257	295.965951
4872	-1.18151007350006	7.69682304628199	111.469555892621	7.73096148125354e-16	1.74494613356569e-14	chr7	100854560	100856060	chr7:100854560-100856060	683.897104	628.641718	653.536521	1178.306022	1013.544909	1202.200694	282.406371	348.022922	312.950977
5225	-1.28682367559037	7.63937119720514	113.544436501337	7.93526304003928e-16	1.77974367279858e-14	chr8	71633240	71635360	chr8:71633240-71635360	619.512617	724.20454	863.804652	967.255532	1002.762902	905.575827	389.029162	306.089772	279.617765
824	-1.23350273049678	8.10166676676969	129.946107050941	7.94555399670727e-16	1.77974367279858e-14	chr11	74842820	74844740	chr11:74842820-74844740	785.0371	977.273016	1067.679578	1378.246349	1351.670128	1499.315832	311.634971	517.325303	478.980585
3535	-2.69337985380829	6.18003431880854	127.117180512247	8.62058463994734e-16	1.91637223071433e-14	chr4	120856480	120859000	chr4:120856480-120859000	243.343639	265.963868	285.330209	403.368012	397.84284	458.553699	24.700244	79.3815	29.723976
995	-1.52818783364873	7.43255725335396	125.16156103656	9.71569693325222e-16	2.11982113458477e-14	chr11	102443250	102448410	chr11:102443250-102448410	751.830869	656.274294	685.739559	713.952948	759.74411	880.305078	282.406341	189.259906	315.074235
4354	-1.50140508226039	7.02440017070923	109.379435627651	1.14806602448881e-15	2.44160900731536e-14	chr6	91284990	91287600	chr6:91284990-91287600	496.066214	525.825664	617.307825	421.989749	611.27894	654.463287	214.480535	233.211311	178.980819
2901	-1.3283605999129	7.39163324249263	108.018517608845	1.48902761403878e-15	3.12165895882649e-14	chr2	105122320	105123840	chr2:105122320-105123840	746.000613	573.146114	775.956356	690.430074	698.644309	710.525134	258.529285	282.54432	364.755548
2323	-1.25926440395225	7.52693384748402	107.986264065226	1.49827021585794e-15	3.12794382131066e-14	chr17	56753960	56755460	chr17:56753960-56755460	675.785754	839.570145	733.570893	767.967871	782.414829	783.638396	256.059404	393.768237	374.097369
2761	-1.70478266045866	6.78877499130751	107.920955609579	1.51716652049796e-15	3.14705210290616e-14	chr2	28532840	28534340	chr2:28532840-28534340	289.984517	332.97303	353.288623	563.234069	691.178996	797.377651	83.157553	141.720715	100.636924
30	-1.44556966499784	6.98308896004059	107.32381388059	1.70175847474846e-15	3.5052654457144e-14	chr1	38628560	38630220	chr1:38628560-38630220	460.832193	438.437262	498.676843	687.38049	593.861073	598.155638	193.485327	167.732676	194.479779
1852	-1.53056061721666	6.91927451830905	106.578243813083	1.96517797322938e-15	4.03375032762867e-14	chr15	89495440	89497120	chr15:89495440-89497120	437.511543	376.954651	458.185747	562.798696	667.679068	687.707771	187.72202	143.963162	144.585892
5201	-1.45511835132557	7.77708393195677	130.340896830591	2.02842290826034e-15	4.14911088630613e-14	chr8	70887080	70888580	chr8:70887080-70888580	818.750033	752.067593	874.223292	1009.726253	1131.87515	1106.024275	202.542198	404.083288	366.454308
3249	-1.74084044026955	6.63677851614976	105.837092522185	2.26885616836441e-15	4.62485525530614e-14	chr3	90384180	90388080	chr3:90384180-90388080	427.37242	464.227811	466.946977	402.496568	423.001767	385.194752	156.434924	185.672012	98.938353
5485	-1.12345127458818	8.16111737718172	114.420656053291	2.55091408973665e-15	5.16406697685175e-14	chr8	122578620	122580120	chr8:122578620-122580120	594.16409	782.002473	958.519881	1591.256957	1839.089275	1794.958833	330.160124	419.780321	408.917008
2211	-1.57815906276871	6.81554950479715	104.441339095142	2.97901812220199e-15	5.92884991820674e-14	chr17	33935180	33936690	chr17:33935180-33936690	391.3777	426.117629	472.038032	546.464004	555.016901	555.220342	106.005314	194.193206	169.85132
3549	-1.454082179878	6.98659738099658	104.267729686401	3.08213820646304e-15	6.11342632130429e-14	chr4	124989180	124991050	chr4:124989180-124991050	324.458216	374.306575	397.568037	776.680096	699.473228	841.049686	124.118835	154.726751	155.201656
1752	-1.29910105790661	7.25074368261375	104.114173300912	3.17641129366445e-15	6.27927480905278e-14	chr15	76456110	76457790	chr15:76456110-76457790	546.509244	531.006613	544.140325	715.695344	806.191165	761.557171	237.12252	232.762758	245.435126
2570	-1.37972354143302	7.08515319648441	102.755407056823	4.15185313425991e-15	8.09886318341892e-14	chr19	6495400	6498250	chr19:6495400-6498250	490.109415	498.307993	554.32215	617.466999	697.952768	618.642693	204.806366	258.214283	180.573198
2964	-1.90643810303966	6.40026683414826	102.544377888704	4.3290275631568e-15	8.38891492584102e-14	chr2	132026770	132028360	chr2:132026770-132028360	362.860818	319.61717	280.949667	393.022504	373.789692	540.989941	81.304985	90.593588	108.280232
3975	-1.33234383405756	7.29003841853208	101.873255340864	4.94606542693288e-15	9.52198412747111e-14	chr5	121833260	121834960	chr5:121833260-121834960	412.163388	484.952298	545.56083	858.573468	843.238465	991.202162	166.315089	231.865823	223.354469
863	-2.67892552185104	5.46056607382987	101.839953429864	4.97894711187039e-15	9.53126389759874e-14	chr11	80298640	80300140	chr11:80298640-80300140	158.173345	204.020811	184.221513	195.149857	241.083365	248.29111	20.583541	34.981703	36.942653
4200	-1.03824844091602	7.76328298397384	101.063748871282	5.81265633032783e-15	1.09400506204349e-13	chr6	39553800	39555790	chr6:39553800-39555790	844.225237	884.013149	887.246316	869.789658	833.700392	911.341953	435.136094	497.255673	451.273616
744	-1.43129428231223	6.87080862294006	100.357042566131	6.69680341661446e-15	1.25240853737383e-13	chr11	60914780	60916280	chr11:60914780-60916280	417.739908	456.858869	472.629965	593.291102	546.860975	518.172732	158.08168	192.847744	191.507344
893	-1.30601033650335	7.43557741343014	102.803923277636	7.10928424916484e-15	1.32534156683007e-13	chr11	94471270	94474040	chr11:94471270-94474040	849.928813	645.336392	745.765667	747.929891	647.49655	628.088347	270.879528	319.207813	397.451995
4392	-2.03678356879034	7.20439919059683	116.956986563356	8.16166496679639e-15	1.51196126790558e-13	chr6	115990920	115992460	chr6:115990920-115992460	139.415604	218.297576	209.794677	1212.717429	1256.287615	1282.183237	26.346948	54.715016	68.78973
4024	-1.9270866377636	6.94281073605341	116.918183325282	9.85180748069093e-15	1.80239123815995e-13	chr5	130018920	130020420	chr5:130018920-130020420	294.547228	299.813775	295.985788	906.923661	823.885614	845.956346	44.460462	88.799697	121.868288
202	-1.00243408140281	8.09455172936591	98.0070907709171	1.07712463714959e-14	1.96450193109853e-13	chr1	136227700	136229340	chr1:136227700-136229340	922.424667	889.539809	944.549411	1399.37394	1354.434449	1311.870586	377.914037	605.900511	516.560297
704	-2.00905973443313	6.11409455872352	97.3809131881962	1.22396720037855e-14	2.21858177767078e-13	chr11	52165480	52167000	chr11:52165480-52167000	344.483329	297.971645	357.313911	302.743745	267.071711	250.008541	88.920949	69.066435	110.827936
4460	-1.32599060259517	7.1428071540492	97.1182974085597	1.29155245498107e-14	2.33390659886304e-13	chr6	125151960	125153460	chr6:125151960-125153460	446.129931	473.43866	567.81899	630.317326	813.932772	718.37603	200.072155	207.19925	234.819504
351	-1.94487996994062	6.60448535190699	105.068335511969	1.29745240850211e-14	2.33739820748805e-13	chr10	61275120	61276620	chr10:61275120-61276620	314.318884	260.206942	394.963278	535.355906	593.861009	573.621473	101.271069	55.163456	114.649649
2461	-1.35889382564619	6.96133461967874	96.1911275440858	1.56252975354163e-14	2.79783063164552e-13	chr18	64489420	64490940	chr18:64489420-64490940	500.375377	556.336733	581.789242	537.09792	435.166607	478.181325	233.005772	203.387129	254.989284
4997	-1.43920865343048	7.10050762025915	94.8586536143778	2.05848236860394e-14	3.63069450103168e-13	chr7	142532320	142534530	chr7:142532320-142534530	338.146253	388.698678	329.609671	844.743081	851.532561	983.718818	172.078485	119.296554	130.360891
983	-1.139379457731	7.51520685540801	93.8035436095704	2.56484871646274e-14	4.47027331026094e-13	chr11	101261580	101263460	chr11:101261580-101263460	740.931007	704.861513	730.96612	784.738822	797.343894	725.246	382.442212	381.434899	308.492453
4939	-2.19767908386195	5.99737405382682	93.7086820945932	2.61625757792799e-14	4.54360485645315e-13	chr7	127820560	127822060	chr7:127820560-127822060	194.167952	201.257506	179.01217	386.37926	397.013372	432.301378	34.58034	40.363518	61.146452
5191	-1.32872303183546	6.98257997740147	92.9923001497229	3.04044001607837e-14	5.23720237857241e-13	chr8	70772080	70773580	chr8:70772080-70773580	516.091415	468.833136	569.239615	514.882227	545.755233	553.502965	176.195183	240.387005	256.050846
2494	-2.16761881590941	6.79344978357124	120.241079258303	4.09076256225952e-14	7.00543088786943e-13	chr18	77039360	77040900	chr18:77039360-77040900	320.909378	378.5667	283.199108	670.827963	696.708568	762.538989	118.561197	70.86035	47.133748
2812	-1.00558920653063	7.85082706376357	91.4331910515906	4.2266384404092e-14	7.2081524172097e-13	chr2	33629440	33630960	chr2:33629440-33630960	623.314785	751.375931	716.285397	1266.514272	1205.416846	1330.761773	392.734109	365.962272	369.42643
2658	-1.43512504783418	6.80849814242977	90.3050160493166	5.37542446680303e-14	8.97071544870727e-13	chr19	42199120	42202280	chr19:42199120-42202280	367.803746	442.351947	406.092373	538.622389	636.43786	516.455568	133.38137	177.823568	177.919286
667	-1.34106819443405	7.29101112977604	89.9838248365846	5.75811697426925e-14	9.58222234333902e-13	chr11	32224140	32227060	chr11:32224140-32227060	280.605573	249.614568	329.372904	1185.27492	1100.357242	1238.511743	119.384614	141.272152	107.00635
5161	-1.22165529412635	7.3854499292306	89.7797581874436	6.01574212958369e-14	9.95470137229706e-13	chr8	70157900	70161060	chr8:70157900-70161060	653.732682	613.673855	724.099264	632.495304	793.197102	739.721104	236.710882	308.556452	383.01468
266	-1.33045060596349	7.00312293172728	89.6238134733433	6.22060265897102e-14	1.02648656201676e-12	chr1	172481120	172485360	chr1:172481120-172485360	471.98531	562.784147	531.353647	451.719688	597.45513	603.798946	239.180875	247.786993	188.110262
2063	-1.21423447118788	7.1311048832247	89.1173067878416	6.93699102264305e-14	1.1415031875528e-12	chr16	96148740	96150240	chr16:96148740-96150240	578.955224	577.521352	646.906408	569.332923	511.472685	531.912383	271.702857	313.48973	258.173994
1090	-1.06865812799191	7.67828711171985	89.0383114564274	7.05615770152451e-14	1.15787813425295e-12	chr11	120577990	120579800	chr11:120577990-120579800	562.225338	774.057972	711.904742	989.144858	1056.674716	1080.753657	320.897632	402.513583	336.411804
3111	-1.54871129745678	6.89802874233362	96.9309453377981	7.80671565616874e-14	1.27042436272072e-12	chr2	180103960	180106740	chr2:180103960-180106740	554.620773	482.649373	569.239759	459.124839	487.143301	465.178073	123.501291	208.096175	267.091199
4521	-1.00969926550338	7.67691084735123	88.1979276880797	8.46252619388851e-14	1.37335376882086e-12	chr6	146884200	146885700	chr6:146884200-146885700	658.548896	701.407835	735.938893	952.662987	1027.921629	1021.624886	344.980178	399.598356	385.562486
1280	-1.52960007502789	6.78643554955625	86.8685000589545	1.13047728114375e-13	1.8102049463927e-12	chr12	112932340	112933840	chr12:112932340-112933840	253.482999	223.824136	289.829232	771.016815	709.425993	809.645265	76.570776	123.781362	88.322685
2645	-1.61190531874631	6.46637021513953	84.1355107831552	2.06694676474365e-13	3.2043114187118e-12	chr19	37695160	37696680	chr19:37695160-37696680	387.575465	499.459437	425.035552	303.397241	352.224878	240.194648	138.733092	147.326723	180.042404
4773	-1.31350056259317	6.8938471146053	83.8290090430094	2.21320708803634e-13	3.41308977895866e-12	chr7	45334100	45335940	chr7:45334100-45335940	324.458209	361.526571	379.335259	639.029288	733.755695	704.636318	148.201579	161.453958	154.989355
414	-1.56597163456608	6.47824774495218	83.5747194872521	2.34262969492316e-13	3.57524132973895e-12	chr10	79551850	79553350	chr10:79551850-79553350	384.533625	377.645635	439.716377	356.322774	293.060034	410.220248	119.796247	162.350934	158.810944
3122	-1.04244016781542	7.72420809927576	82.3084292148726	3.11351080289935e-13	4.71219517509312e-12	chr2	181041340	181043920	chr2:181041340-181043920	615.963734	523.177383	555.979629	1211.411559	1262.369685	1360.694698	330.983518	282.095947	279.830041
345	-2.04510223140603	5.91404030148446	82.1913607342804	3.19688085395231e-13	4.81657931218237e-12	chr10	59947000	59948500	chr10:59947000-59948500	203.293335	277.707751	261.414605	272.687079	299.142354	310.609317	42.813765	63.23614	89.171961
3557	-1.72116678420982	6.22287696850969	81.4663065668634	3.76711500510548e-13	5.66124349364193e-12	chr4	126105160	126106660	chr4:126105160-126106660	261.594481	342.644367	304.036495	321.474557	326.789538	403.841126	85.627513	111.672333	101.910826
3541	-2.75069835881431	5.24388584104926	81.2296849902146	3.97511029485508e-13	5.92844930303576e-12	chr4	123106350	123107850	chr4:123106350-123107850	128.769303	109.148785	147.282443	192.536229	254.353976	243.384126	32.110322	16.369645	12.95116
2572	-1.01844731989096	7.73172644401342	80.6093238538842	4.57850135116248e-13	6.74298786492454e-12	chr19	6515480	6517600	chr19:6515480-6517600	599.233874	854.077572	696.395336	1049.149378	985.06848	1132.276433	400.967442	375.156283	373.885228
98	-1.71721809796871	6.13555841062622	80.4481510117881	4.75020058988487e-13	6.96105265547556e-12	chr1	75546780	75548280	chr1:75546780-75548280	330.541868	338.499428	359.444984	246.115363	219.518609	291.962892	107.034451	121.090468	111.252625
668	-1.29938221303624	6.77487350200933	78.6361970776795	7.20617325883205e-13	1.04047957519068e-11	chr11	32533340	32534910	chr11:32533340-32534910	508.106588	475.395882	445.872866	405.110327	440.695964	410.956335	210.77551	215.496173	205.413933
3047	-1.61776442575665	6.92156477017895	78.5997878311523	7.2671678876439e-13	1.04672092973375e-11	chr2	158670580	158672140	chr2:158670580-158672140	134.092464	156.815014	117.683925	924.131244	1085.980814	1108.232116	37.462047	50.005895	57.324842
3783	-1.31093444026487	6.83525443655156	78.3559163773604	7.6896693446608e-13	1.10487419779017e-11	chr5	24523100	24525800	chr5:24523100-24525800	415.205105	492.320876	485.416562	551.037178	414.154619	497.56378	227.242438	185.672006	194.055152
99	-1.90834533130969	5.8763933715632	77.7433136744311	8.86635404492494e-13	1.26163506470176e-11	chr1	75548700	75550200	chr1:75548700-75550200	223.064978	293.826742	360.865839	230.433649	191.871381	223.265683	69.160699	98.666259	84.925639
1699	-3.42750648718429	5.81109086781101	89.5085443239625	9.31140678343894e-13	1.31859368656824e-11	chr15	37788280	37789880	chr15:37788280-37789880	85.67721	77.371281	113.18496	351.966724	518.937434	519.399541	0	14.799964	12.738827
2150	-1.02652157705492	7.61263703115118	77.5006269373199	9.38246018156737e-13	1.32546937481087e-11	chr17	27550840	27554720	chr17:27550840-27554720	699.359744	565.317287	737.35977	861.186466	927.286133	1102.098918	307.106639	374.259073	386.411713
1731	-1.04898295131746	7.57504749410206	76.8374091159186	1.09567893477723e-12	1.52953663620205e-11	chr15	73748450	73751020	chr15:73748450-73751020	646.761804	707.049207	696.158586	858.028526	751.450132	1070.203579	291.668984	379.192454	407.006271
2756	-1.16713522905051	7.1347372034459	76.1688131819382	1.28209420047419e-12	1.77296172182944e-11	chr2	27678840	27681140	chr2:27678840-27681140	410.642459	385.014335	407.276289	783.213837	781.308375	917.598057	195.132102	198.22956	188.110308
1379	-2.00033643205544	5.96886129318762	76.1529534751179	1.28689331095219e-12	1.77543056084762e-11	chr13	59765340	59766840	chr13:59765340-59766840	174.396274	201.257433	216.424792	322.781366	363.283867	454.382628	34.580344	75.345201	50.955322
1636	-1.25975440331865	6.95763273968436	76.1398687657638	1.29086664821927e-12	1.77675126744386e-11	chr14	78850020	78851640	chr14:78850020-78851640	386.81502	462.846224	462.684818	566.283248	607.684893	695.313207	155.611657	256.083809	184.713312
2316	-1.1740231343089	6.9947435550977	75.6959666870039	1.43342976559651e-12	1.95470711785395e-11	chr17	56506600	56508760	chr17:56506600-56508760	485.42001	483.109944	559.294673	539.493997	544.925643	528.722868	229.300714	289.720122	215.923526
1527	-1.18838671006069	7.0204396316301	75.3407393756028	1.55915099063309e-12	2.11634988152524e-11	chr14	33322180	33323680	chr14:33322180-33323680	507.472916	535.151364	598.127959	458.689549	455.625421	613.858149	214.892306	270.435366	296.390532
4577	-1.26866107986226	7.2423466622936	80.0673545941977	2.05471320335957e-12	2.73235112437726e-11	chr7	16043500	16045400	chr7:16043500-16045400	624.075163	598.245745	577.764151	605.705694	671.27312	705.127208	343.333633	202.265925	261.995631
2320	-1.40176154845643	6.68775807923492	73.3995224591053	2.47790278310464e-12	3.27294289131602e-11	chr17	56720370	56721870	chr17:56720370-56721870	390.617316	349.322252	470.972463	505.952249	431.295884	482.842992	116.091175	176.253907	205.520112
5164	-1.30837631217404	6.72150654244552	72.4032331330629	3.15107049463256e-12	4.07082374646501e-11	chr8	70316400	70318100	chr8:70316400-70318100	387.321961	395.146333	403.961387	439.958779	547.966988	505.415019	185.251957	156.969104	176.645326
2953	-1.20574322110308	6.90051731076064	71.4543335577418	3.96811013516101e-12	5.09284026279598e-11	chr2	130292720	130294460	chr2:130292720-130294460	383.266228	385.474908	412.012021	608.972649	674.038115	605.025924	203.365479	177.599369	173.248316
4283	-1.78947291610644	6.00983730641149	70.7880462816444	4.66994726404052e-12	5.92902140785834e-11	chr6	70958000	70959500	chr6:70958000-70959500	312.798034	243.166939	247.680811	324.524029	295.824702	264.484068	61.750657	104.496583	87.898082
3400	-1.06857182885989	7.35487978854527	70.2715672955425	5.30127719140753e-12	6.6588110734716e-11	chr4	41696320	41698520	chr4:41696320-41698520	649.423356	559.560367	749.435699	772.977124	636.161142	599.873538	287.758065	365.738003	360.084772
415	-1.2448945296588	7.43266894197822	79.9343716428276	5.66518867310907e-12	7.07068357484863e-11	chr10	79611820	79613480	chr10:79611820-79613480	704.175949	704.170569	637.434869	657.324481	803.979313	799.831012	209.952267	424.713588	310.403263
5769	-1.56684791986023	6.55019718805069	69.3556623868926	6.64605908824321e-12	8.17368143817134e-11	chr9	107982680	107984430	chr9:107982680-107984430	227.50093	192.852611	326.176292	541.344979	637.68194	644.035989	59.898095	114.699556	98.513778
3754	-1.5391861622794	6.28536020671387	68.2309761312056	8.79150713660699e-12	1.05480180329433e-10	chr4	155783540	155785140	chr4:155783540-155785140	312.797949	307.873327	299.537525	391.606803	353.054419	348.638101	85.215862	123.781331	136.093321
1271	-1.14899166056833	6.93371259053613	68.0826241172194	9.12362592480642e-12	1.08800162597236e-10	chr12	112679140	112681200	chr12:112679140-112681200	414.191164	481.267818	600.022158	536.662115	467.79016	490.203456	251.942676	243.526328	232.271675
3755	-1.86556446983715	5.76401530146201	68.0864369893376	9.11493007580345e-12	1.08800162597236e-10	chr4	155785320	155786820	chr4:155785320-155786820	193.660958	253.298875	278.463344	214.316334	207.906731	278.714265	66.690687	88.79968	59.872571
3024	-1.13460213755461	7.00063871311009	67.8274251884339	9.7255229554149e-12	1.15253284512518e-10	chr2	156194080	156195580	chr2:156194080-156195580	424.330363	392.383154	490.152351	642.513619	685.649794	608.95104	219.832216	237.696082	187.261066
3271	-1.0904878676595	7.00983746264723	67.624709794245	1.02327188123939e-11	1.19920769397294e-10	chr3	96197640	96200560	chr3:96197640-96200560	450.692712	566.928863	540.588209	513.575433	529.719809	523.32524	246.590818	288.15047	259.235547
1263	-1.40519985972233	7.64169390768681	92.193337104417	1.36244893393318e-11	1.58307429384622e-10	chr12	111682270	111684100	chr12:111682270-111684100	593.91084	538.605323	561.899139	1312.143627	1095.104074	1260.470113	137.909782	275.480724	285.562585
5112	-1.62838022474431	6.4254888380413	66.2945795759795	1.43124726491798e-11	1.65647890719682e-10	chr8	36090760	36092260	chr8:36090760-36092260	152.596689	201.257502	153.438974	645.998787	697.814464	567.242371	53.517186	50.678652	73.885325
2537	-1.68041507155948	6.21362480307759	65.7321784455856	1.65113022299906e-11	1.88870061042475e-10	chr19	4441140	4442640	chr19:4441140-4442640	264.129317	253.759451	190.377991	457.818074	474.978497	355.262418	59.280612	81.623935	100.636882
408	-1.31387359178184	6.61994462987297	64.5806076969632	2.21677279600398e-11	2.46396387570933e-10	chr10	78066680	78070580	chr10:78066680-78070580	361.466905	434.753022	435.690876	378.974158	378.213172	459.289653	150.671595	233.659746	154.5647
24	-1.25612797875607	6.72213280469665	64.3908664533451	2.32762236551006e-11	2.558213312541e-10	chr1	36546560	36548350	chr1:36546560-36548350	372.62011	441.660986	443.149771	341.947829	512.44013	524.183796	179.694405	194.417456	196.602901
1413	-1.53652747461498	6.26017821149743	63.6449668070329	2.82180216686993e-11	3.07837714167237e-10	chr13	81632500	81634060	chr13:81632500-81634060	258.805958	331.591184	335.292524	346.95763	300.248182	403.35056	98.801035	156.072126	91.719717
2765	-1.06181924370975	7.37080949476842	63.4576012401123	2.96215328139282e-11	3.21363627636926e-10	chr2	29252800	29255600	chr2:29252800-29255600	371.099016	416.331272	529.459347	918.250202	1047.274809	1070.69426	250.707701	248.235327	181.953256
4431	-1.11049139175395	6.90018854486564	61.450260261213	5.00547704075809e-11	5.237524910676e-10	chr6	124472260	124473770	chr6:124472260-124473770	441.313864	436.940763	535.142171	478.509489	430.051684	603.185732	219.832242	266.399082	223.460573
1711	-1.01664190379307	7.22030359007537	60.7925472180879	5.9552571633276e-11	6.1332902009026e-10	chr15	58211360	58213550	chr15:58211360-58213550	510.007839	534.921135	500.68951	619.644813	751.449766	786.459592	294.138992	291.738292	243.418204
132	-1.01704975436356	7.09148281670116	60.7198579047678	6.07105791622486e-11	6.24164086989191e-10	chr1	91413630	91416020	chr1:91413630-91416020	453.100815	483.340273	577.527436	601.894127	629.249492	594.475718	261.616889	259.671691	288.004075
672	-1.33967359586729	6.58482216738721	60.5914523029796	6.28132386967209e-11	6.42418036740248e-10	chr11	33145340	33147260	chr11:33145340-33147260	355.636578	502.45281	312.324141	382.676625	446.778336	401.878477	138.73313	173.114546	192.781245
808	-1.24028296688429	6.63730860982771	59.6296841446659	8.11519146436637e-11	8.17206716522774e-10	chr11	70671020	70672600	chr11:70671020-70672600	370.08508	363.829383	404.434895	460.867265	460.048977	437.20834	131.734719	185.223536	207.218576
503	-1.32016100156454	6.48944109249066	59.1030474302893	9.34516206477971e-11	9.31511839655115e-10	chr10	81481640	81483140	chr10:81481640-81483140	409.62848	390.540893	365.127925	384.201326	371.025074	290.490838	135.028099	195.987135	178.343919
4581	-1.53444540439802	7.03463303639326	58.2346582632716	1.18094465856762e-10	1.16142654150615e-09	chr7	16171320	16173170	chr7:16171320-16173170	77.819222	72.42046	107.620388	1149.773463	1154.684094	1316.16392	24.700242	30.609002	40.870489
666	-1.0556882835182	7.01908087567202	57.7274304888146	1.35499763318586e-10	1.32376302771109e-09	chr11	32220220	32221940	chr11:32220220-32221940	423.062969	435.674009	472.393356	598.953829	729.608838	585.643214	205.012173	213.253798	276.433026
563	-1.36275875469185	6.39730814286582	56.9564525696132	1.67178468985224e-10	1.60894173830403e-09	chr10	127081400	127082900	chr10:127081400-127082900	385.294088	249.614509	307.825132	362.856966	407.519347	438.68047	123.501288	141.72075	134.182528
1959	-1.01671444758591	7.12266169260909	56.8443890010696	1.72381904008863e-10	1.65122243335969e-09	chr16	10785800	10789070	chr16:10785800-10789070	426.992058	458.81638	503.530876	615.833338	755.044193	733.955468	227.859966	220.205227	295.859697
4533	-1.29253535111042	6.52750860141357	56.1338580141198	2.09499948519613e-10	1.98418681146148e-09	chr7	3331140	3332640	chr7:3331140-3332640	356.397052	412.186467	327.241802	331.928997	453.966584	426.413046	130.911384	158.763045	197.876787
2826	-1.40591182906419	6.20141036198828	56.040921574258	2.14931041120646e-10	2.03235756539603e-09	chr2	38512700	38514420	chr2:38512700-38514420	253.483018	302.116452	355.656356	324.959494	285.595244	336.861447	114.444567	117.05416	140.127314
394	-1.44793273361327	6.33527244036326	55.6803779300653	2.37412256264331e-10	2.23061499466216e-09	chr10	76237260	76238780	chr10:76237260-76238780	179.465937	231.423111	289.829264	537.533693	472.766523	457.326762	74.100753	122.435921	81.528605
1856	-1.5273236673267	6.07267158512733	55.5292521753817	2.47543708098401e-10	2.31106178194561e-09	chr15	91049520	91051020	chr15:91049520-91051020	289.224032	289.681851	266.623939	297.952002	293.060065	277.242137	69.160744	114.811721	136.305719
4982	-1.01791629413651	7.50050474905532	59.6108500695835	2.62763425524957e-10	2.44540180058061e-09	chr7	141212760	141214470	chr7:141212760-141214470	433.455865	754.485548	604.166191	815.99307	917.333051	1029.84385	279.730487	338.268444	342.038114
1779	-1.32412949677881	6.46720734463121	54.878423745706	2.96536048233485e-10	2.73563187504453e-09	chr15	78986120	78987760	chr15:78986120-78987760	283.647493	245.23943	242.7083	544.503294	426.319332	601.345661	104.976106	110.999584	119.320552
1587	-1.49129488326342	6.30577488047568	56.9396656212647	3.05878766478558e-10	2.8155184583206e-09	chr14	60637460	60638960	chr14:60637460-60638960	336.118341	297.971643	384.544631	315.376114	275.365871	395.499355	74.100772	169.078152	152.016918
1700	-1.43649173800657	6.23452643266028	54.4478311972742	3.34352567230444e-10	3.05849530055053e-09	chr15	37789940	37791440	chr15:37789940-37791440	250.441173	211.389449	239.630004	478.291625	385.954584	429.357244	93.860973	113.017722	74.734572
4414	-1.03350922163201	6.9240773202016	53.9620021060564	3.83045681030799e-10	3.46623979562586e-09	chr6	122332340	122334020	chr6:122332340-122334020	387.828998	382.941954	504.596615	530.346205	556.261064	659.983591	200.072107	258.32632	216.772708
3268	-1.36965443225846	6.29615439244652	53.829846782554	3.97516395001835e-10	3.58068667118626e-09	chr3	95991860	95993360	chr3:95991860-95993360	247.906332	270.799604	346.658437	368.519705	410.836992	375.380908	93.860975	156.072099	113.375733
401	-1.25402856906468	6.38239420983169	53.1990290514001	4.74767215699851e-10	4.25700710454767e-09	chr10	77258220	77259920	chr10:77258220-77259920	316.346841	371.658393	396.857152	334.542696	274.81273	344.467103	153.141631	176.702359	163.057196
27	-1.30990776328329	6.42769153373231	52.0722709576867	6.535804450449e-10	5.78114474738664e-09	chr1	36562300	36563800	chr1:36562300-36563800	245.371489	190.665014	270.412526	551.473026	542.43738	497.072939	106.211098	93.732977	108.280225
3954	-1.86380123842241	5.3492560371882	52.0384250025285	6.59918232986194e-10	5.82845323916292e-09	chr5	116592560	116594060	chr5:116592560-116594060	157.666363	219.218652	181.380042	161.172837	195.189001	144.264015	74.100774	48.436209	42.887456
5217	-1.01628408635303	6.96179324829254	51.9817384562042	6.70675284119609e-10	5.91459296219852e-09	chr8	71536600	71538100	chr8:71536600-71538100	421.288871	402.975545	455.581154	652.097293	570.637673	598.156274	224.772397	278.508039	183.864
5748	-1.70533721625654	5.82503234459347	51.7094030021903	7.24932061909724e-10	6.34557916301662e-09	chr9	106371230	106372730	chr9:106371230-106372730	162.482581	162.802154	180.906467	338.027449	321.813134	377.343657	30.463655	76.914872	61.783391
1500	-1.14486050793493	6.93239375702817	53.7825063790557	1.24893125020973e-09	1.06321589522912e-08	chr14	21848250	21851040	chr14:21848250-21851040	412.796931	524.098267	502.583959	595.686968	455.763592	514.247337	149.024895	305.080711	255.944702
156	-1.1447140821649	6.6484675060996	49.1150076917926	1.53559451198803e-09	1.28679762021643e-08	chr1	119522750	119524250	chr1:119522750-119524250	261.594452	334.81518	278.936873	561.927368	603.261183	570.92273	116.914556	152.932817	160.934105
1842	-1.32616045533489	6.21817950013035	48.8031117762961	1.68259104244943e-09	1.40002031512283e-08	chr15	89140640	89142140	chr15:89140640-89142140	298.095956	292.905636	281.77836	317.554148	404.75459	277.732784	125.147975	138.132855	115.074288
2071	-1.26879152152866	6.38620151074591	48.3748700688951	1.9084190290752e-09	1.58122313646723e-08	chr17	5939460	5941680	chr17:5939460-5941680	228.134648	285.076372	225.422715	495.715459	489.907952	474.010497	95.507688	104.945045	132.908658
2751	-1.11504508607529	6.73148377803935	48.1768819261337	2.02317260333808e-09	1.6622747289072e-08	chr2	26586420	26589490	chr2:26586420-26589490	249.047	293.366184	355.893251	584.796778	554.878626	744.014661	119.79621	176.59024	153.184662
2267	-1.16995798438525	6.43566493052327	47.7775658129301	2.27676757645490e-09	1.86025489499248e-08	chr17	46284130	46285680	chr17:46284130-46285680	322.050157	394.455473	335.174216	377.994232	340.47494	345.939214	167.550151	174.572046	165.392701
1850	-1.46664517182528	5.94089001871686	47.6139630840301	2.38992906438196e-09	1.94194098183092e-08	chr15	89454390	89456000	chr15:89454390-89456000	204.43399	183.756868	204.348559	320.058936	375.448421	334.775925	66.484824	91.826938	74.840735
1947	-1.0809271130285	6.75159646547469	47.279791554486	2.63944741580058e-09	2.11263379435886e-08	chr16	4639140	4640640	chr16:4639140-4640640	309.75627	292.445068	384.071145	557.135806	588.3317	637.411419	130.91141	162.799442	211.889538
1372	-1.38255354759307	6.49477560436725	50.3812172206513	2.72230428794263e-09	2.16717494057703e-08	chr13	55484630	55489000	chr13:55484630-55489000	230.542806	310.406277	315.165531	550.057343	493.640314	477.200014	63.1915	135.778277	158.386329
865	-1.55646059677305	5.79682357706893	46.2770018852687	3.56232288288367e-09	2.79808588040902e-08	chr11	80479280	80480780	chr11:80479280-80480780	188.591272	192.507221	291.249967	186.002243	235.553922	343.485837	76.570795	79.381487	90.445824
849	-1.29552787894628	6.20804969254631	46.0939771193591	3.76384235545154e-09	2.95243612729228e-08	chr11	78158520	78160020	chr11:78158520-78160020	276.803406	307.642977	320.611748	291.853758	250.483428	394.517903	108.681148	135.441962	156.263234
1046	-1.14395196999751	6.61251019403633	45.6286837120221	4.33082110627537e-09	3.35254495887887e-08	chr11	116010360	116012470	chr11:116010360-116012470	378.323307	396.297734	339.909975	453.571233	431.019371	417.703277	148.201551	151.475203	249.469124
2897	-1.18332267810141	6.36312567470655	45.4119260683364	4.62433559812668e-09	3.55639177657497e-08	chr2	102657130	102658740	chr2:102657130-102658740	303.41908	297.626212	333.398308	366.123794	384.5722	363.972287	166.520924	130.508564	147.770633
4472	-1.73980673482658	6.42148836782745	57.1137677981403	5.1705419209981e-09	3.93027902665804e-08	chr6	128032160	128033660	chr6:128032160-128033660	310.770139	243.166971	251.943068	500.071486	489.354947	531.421628	118.561278	104.945058	38.216552
3014	-1.19585555887754	6.41332638889225	44.602003951776	5.91530864640985e-09	4.43911888356693e-08	chr2	154565970	154567470	chr2:154565970-154567470	304.940094	442.58238	309.719412	307.535204	320.983681	396.726093	183.193619	145.308545	171.762164
82	-1.26155801804308	7.38412408711531	60.1344905225907	6.82991510217737e-09	5.06265237673184e-08	chr1	74802490	74803990	chr1:74802490-74803990	411.402804	647.98482	619.43898	823.942567	807.850469	1015.000662	157.670003	306.762449	297.02748
2966	-1.44074223416999	5.81248533177693	42.8708838744078	1.00762633005294e-08	7.25663412022234e-08	chr2	132031100	132032600	chr2:132031100-132032600	290.491433	220.139767	270.412483	188.615805	236.106814	178.121884	102.094427	133.199529	77.706987
5629	-1.32293383095263	6.36585302306534	43.7236240472547	1.33224460556392e-08	9.49002777675579e-08	chr9	56924000	56925880	chr9:56924000-56925880	243.850619	211.850002	318.243829	463.699016	404.201645	524.797374	148.613212	114.139001	70.063691
3738	-1.02704361747116	6.85060643011812	41.684334677314	1.45912622556462e-08	1.03562802347002e-07	chr4	152275870	152277370	chr4:152275870-152277370	235.23222	290.372633	233.947107	696.96426	821.949881	817.98708	116.914564	177.150846	112.101907
2259	-1.31673256995401	6.32365216029997	43.0516727236424	1.5390014134407e-08	1.08318486578007e-07	chr17	37053200	37054700	chr17:37053200-37054700	265.65015	256.062217	296.932822	446.928074	346.695581	457.817522	163.021694	75.345191	115.074292
2394	-1.07946426604539	6.4751526002555	40.4322641614096	2.16669794967131e-08	1.47390503712629e-07	chr18	10324230	10325780	chr18:10324230-10325780	263.242067	270.914704	287.816569	458.68946	518.246251	476.831992	147.78994	132.190421	141.188936
1833	-1.35927806153446	5.94466966300371	40.2956365473631	2.26289156825012e-08	1.5373136099243e-07	chr15	86186060	86187590	chr15:86186060-86187590	231.810142	168.789281	210.268264	269.31115	340.889514	382.618708	85.010086	81.848169	91.61353
929	-1.09523135106745	6.58572039863582	40.1887968048457	2.59380941234553e-08	1.73637855092358e-07	chr11	97404870	97406370	chr11:97404870-97406370	345.750752	407.811225	407.276352	360.678771	464.472478	340.786873	125.559642	233.883983	232.908575
2772	-1.0793842248854	6.54965398125187	39.3165038468996	3.09467048501241e-08	2.04151218669744e-07	chr2	30355710	30357320	chr2:30355710-30357320	226.36028	217.60682	255.613171	622.585311	634.778827	522.34376	103.741091	117.166237	138.216486
4040	-1.05154022997181	6.52299579013683	38.2648634941975	4.34638606050369e-08	2.79567156506931e-07	chr5	135025430	135026940	chr5:135025430-135026940	294.29366	347.94064	297.880052	435.1668	488.248973	432.30135	155.611639	138.020723	198.619881
3073	-1.32400988933716	6.21940897478196	39.3275632878184	4.70491034953617e-08	3.00940574040364e-07	chr2	165810990	165812520	chr2:165810990-165812520	232.570571	260.207104	198.665551	451.175626	391.760396	417.580624	56.810581	149.12066	97.027508
4019	-1.00643131343459	6.60946445958243	37.5516010511948	5.48374465196687e-08	3.46617379235374e-07	chr5	129007670	129009370	chr5:129007670-129009370	360.199296	329.518795	452.976789	305.357274	479.402079	427.394549	185.251966	214.82348	215.92349
748	-1.53669053187025	5.92236529360467	37.269724514237	6.01416057859135e-08	3.78924277737772e-07	chr11	61027780	61029280	chr11:61027780-61029280	91.253825	93.029765	72.930869	449.97751	504.284394	523.079725	24.700254	41.708925	30.148594
2742	-1.13275439180878	6.36617881212353	36.8838054459668	6.82750522232581e-08	4.26068148990692e-07	chr2	25581020	25582520	chr2:25581020-25582520	270.719849	279.089305	274.674799	379.40979	474.42539	413.164303	116.091263	191.950924	101.910728
1076	-1.03419187973189	6.43379533433387	36.0322586699125	9.04888340292763e-08	5.51832009592616e-07	chr11	119087570	119089070	chr11:119087570-119089070	290.744981	271.260159	361.812921	391.388722	421.619425	400.160863	128.029671	178.496311	183.014783
2568	-1.49458788188207	5.49052446806734	35.4604267594164	1.09485315245549e-07	6.60161711475468e-07	chr19	6426560	6428060	chr19:6426560-6428060	152.5967	227.508458	227.316929	178.596983	141.000586	197.258916	39.520376	97.320829	97.664524
513	-1.03912410470193	6.30224285616778	35.0294906769704	1.26489474356546e-07	7.51916744131594e-07	chr10	84441430	84442930	chr10:84441430-84442930	266.664077	300.73494	327.715423	342.601385	324.577867	361.396119	146.554846	169.750909	155.838581
526	-1.21320093972337	6.10245841900728	34.5554290874402	1.48374133407788e-07	8.74072019905277e-07	chr10	94148940	94150440	chr10:94148940-94150440	269.705862	324.683172	251.943028	264.846269	306.883572	263.502586	172.078498	89.696632	132.484051
999	-1.34465087696739	5.85080754249444	34.512812661102	1.50523899772155e-07	8.84966360836091e-07	chr11	102609220	102610720	chr11:102609220-102610720	143.471334	148.295009	164.331237	378.974089	414.707583	297.36059	74.10078	70.860343	49.256874
395	-1.11555288884003	6.16900495213117	33.4598947688368	2.15210251267593e-07	1.23207345988084e-06	chr10	76961580	76963120	chr10:76961580-76963120	290.491467	215.534312	229.684963	374.400494	359.413208	337.106682	115.267883	138.581286	116.34815
4138	-1.03622566759833	6.29935787098423	32.9294860406028	2.5807338518247e-07	1.45345154121408e-06	chr6	4902060	4903560	chr6:4902060-4903560	322.430308	320.998768	288.408529	309.713408	377.107411	272.825943	164.668448	178.047772	151.592263
5553	-1.23433367598866	6.01642880775702	32.6180039589676	2.87261698481896e-07	1.60251767590611e-06	chr9	21284520	21286170	chr9:21284520-21286170	177.945031	118.820197	159.59546	461.956597	391.483981	435.736059	71.424913	67.272504	71.762182
4394	-1.07215972108281	6.17841827874996	32.2919429513197	3.21484507456804e-07	1.77494398634305e-06	chr6	117166260	117167760	chr6:117166260-117167760	228.134676	274.483915	317.770291	278.349937	362.730883	314.534694	125.971281	138.581332	157.537109
146	-1.23822136843809	5.83763413217734	31.4992090522103	4.23387292201118e-07	2.28404261754284e-06	chr1	105781040	105782540	chr1:105781040-105782540	254.496936	236.258829	213.109716	209.960335	265.412745	223.265735	130.911392	74.896692	117.19736
396	-1.36531157621223	5.55023753123124	31.4699467722987	4.2773212954149e-07	2.30537051704384e-06	chr10	77034720	77036220	chr10:77034720-77036220	129.27628	119.280714	144.441002	243.066138	310.201259	302.267445	50.223844	66.824037	48.40762
796	-1.05885082769073	6.21603589816545	31.3877006506025	4.40192029680278e-07	2.36819291949454e-06	chr11	69897380	69898880	chr11:69897380-69898880	249.934176	242.24585	225.422717	337.156253	429.084111	393.045958	101.271084	134.096467	140.127365
949	-1.04423416604723	6.48068921658356	31.6927217794385	5.39172973687254e-07	2.85378974662319e-06	chr11	98019010	98020510	chr11:98019010-98020510	333.33009	271.720706	326.057738	394.002469	425.21354	469.348991	195.543757	101.581473	190.23345
4343	-1.2512915621957	5.73983785377175	30.1850810297286	6.71891069362207e-07	3.5120765657611e-06	chr6	88844040	88845540	chr6:88844040-88845540	174.903215	161.190227	144.441024	268.331067	335.636692	308.646473	81.510849	75.345202	62.420325
1782	-1.06535063836004	6.14735872893442	29.1443551009144	9.73322243349189e-07	4.98161714645532e-06	chr15	79040220	79041720	chr15:79040220-79041720	278.324388	296.589879	259.993798	229.998173	342.271939	306.683729	103.741064	152.035825	179.617791
4996	-1.02557364385302	6.06413964690895	27.5510799260743	1.73155014475955e-06	8.35426855264414e-06	chr7	141563970	141565470	chr7:141563970-141565470	279.845175	227.969042	253.127008	265.064033	263.201101	331.954344	139.968113	133.42378	132.484058
5661	-1.34663846037271	5.39656897140976	27.3729281536251	1.84798741691529e-06	8.82927321415084e-06	chr9	62980370	62981870	chr9:62980370-62981870	104.94191	125.728362	164.804957	202.555449	224.771475	281.167437	46.930491	78.036084	43.31207
2124	-1.06591621560656	6.11925183402505	27.1399848482476	2.01254402565006e-06	9.5381310177832e-06	chr17	24528590	24531480	chr17:24528590-24531480	235.99263	261.934064	226.843397	278.241018	345.866147	381.146549	79.040796	133.535926	165.498925
681	-1.06342399689214	5.86961377746819	24.2870031465827	5.83422287278922e-06	2.53088416374089e-05	chr11	46311190	46312690	chr11:46311190-46312690	228.895051	221.751632	250.285489	282.052657	189.106698	234.060962	80.687527	141.944953	142.887472
671	-1.4019630759968	5.9242789969884	26.8244840905828	8.08258458261574e-06	3.42797017827137e-05	chr11	33143220	33144720	chr11:33143220-33144720	172.368391	222.442503	197.481749	274.429576	375.448601	350.846056	27.170264	96.872397	121.019043
1275	-1.57343875216825	7.4032207302809	34.3913028780973	0.000202031451254147	0.000644029913061785	chr12	112780080	112781580	chr12:112780080-112781580	775.658133	835.425865	878.95912	616.813563	478.296187	645.262604	150.671602	354.301679	408.917014
1138	-1.551645553612	7.18202319578506	27.2949196994993	0.000473877458512157	0.00140564557305897	chr12	29937140	29938960	chr12:29937140-29938960	485.166517	542.520156	613.282398	730.069814	706.108824	723.283166	84.804214	257.429348	268.789675
