regionID	logFC	logCPM	F	PValue	FDR	V1	V2	V3	V4	DMSO1	DMSO2	DMSO3	PDsiNanog1	PDsiNanog2	PDsiNanog3	t2i1	t2i2	t2i3
747	-3.45840846309918	7.79504496232233	852.752062973015	1.43464880999747e-39	8.4515161396951e-36	chr11	61016280	61017810	chr11:61016280-61017810	164.383677	165.104856	134.37753	1699.720504	1682.191746	1836.545115	364.122964	347.910843	387.473254
4581	-3.78402120341685	7.03463303639326	611.668924131769	3.48557774187637e-35	6.8445128257979e-32	chr7	16171320	16173170	chr7:16171320-16173170	77.819222	72.42046	107.620388	1149.773463	1154.684094	1316.16392	24.700242	30.609002	40.870489
3047	-2.89788598483753	6.92156477017895	374.129216431752	5.81263097976765e-29	4.2802761377264e-26	chr2	158670580	158672140	chr2:158670580-158672140	134.092464	156.815014	117.683925	924.131244	1085.980814	1108.232116	37.462047	50.005895	57.324842
4474	-2.48620196755606	7.21699574992245	363.588283593522	1.30018527035159e-28	8.51043491960133e-26	chr6	128036710	128038210	chr6:128036710-128038210	220.530198	209.777599	217.608746	1225.35035	1155.098517	1329.045402	41.990412	60.545277	44.586
5200	-2.07403089578668	7.76690433865034	342.980810642496	6.65421441368544e-28	3.91999771110209e-25	chr8	70877460	70879000	chr8:70877460-70879000	441.567512	345.407515	403.014074	1679.683334	1612.935365	1829.797858	69.160698	104.945054	110.82798
4475	-2.45907448206144	7.935132974463	434.472463771069	2.00462646839478e-26	8.43518180379545e-24	chr6	128041900	128043400	chr6:128041900-128043400	401.010051	306.72194	392.12187	2037.31251	1947.466616	2190.948882	41.990435	65.927036	25.477688
4679	-1.20382145683906	8.70912592256896	264.387559144967	7.98824560226687e-25	2.61437526905301e-22	chr7	28587100	28588630	chr7:28587100-28588630	956.137779	909.803159	966.097806	2161.240828	2229.605604	2268.233494	1070.549993	1137.465427	1128.236793
3036	-2.39013308094151	6.99758296134976	263.751604081198	8.51654765564158e-25	2.64057801259919e-22	chr2	156847340	156848840	chr2:156847340-156848840	176.424082	185.138479	148.229651	774.065887	831.073778	1137.428623	209.952216	247.114356	189.384231
772	-2.27214303052775	6.90581871977793	256.075499505524	1.86326405041389e-24	4.98931296408555e-22	chr11	69086490	69088140	chr11:69086490-69088140	165.651149	184.793028	164.923275	802.053397	899.638512	841.049745	177.018552	195.426495	219.957464
667	-2.00867030824231	7.29101112977604	252.89099902514	2.59253460380145e-24	6.36359222958097e-22	chr11	32224140	32227060	chr11:32224140-32227060	280.605573	249.614568	329.372904	1185.27492	1100.357242	1238.511743	119.384614	141.272152	107.00635
4392	-2.69930275580335	7.20439919059683	317.676926829703	1.40850444358926e-23	3.07314802858679e-21	chr6	115990920	115992460	chr6:115990920-115992460	139.415604	218.297576	209.794677	1212.717429	1256.287615	1282.183237	26.346948	54.715016	68.78973
3100	-3.26624957796105	6.53847853419561	263.766658244473	1.5214408472771e-22	2.98760267710313e-20	chr2	172942980	172944480	chr2:172942980-172944480	110.011578	44.212178	67.247932	762.740129	696.708656	726.227376	116.091205	147.999475	155.413925
2762	-2.57372330109737	7.0921349113658	274.102426838503	4.72507853918287e-22	7.95298219266465e-20	chr2	28538600	28540160	chr2:28538600-28540160	156.399	197.342879	219.503027	1120.805387	1072.709909	1282.673914	9.880098	32.290814	40.764304
79	-1.74467521409004	7.3487237254153	198.059773022485	1.37613572578538e-21	2.25189321127825e-19	chr1	74767900	74770240	chr1:74767900-74770240	326.993026	337.578363	422.430833	1275.880905	1166.710628	1263.046055	52.693883	34.98171	48.407646
5576	-1.04368008798939	8.79667559146696	189.829770942008	3.9464238938159e-21	5.53532932344512e-19	chr9	27307380	27309080	chr9:27307380-27309080	1009.876753	1036.222394	1190.572834	2249.885467	2497.091984	2040.305849	1169.968671	1232.431661	1201.697575
5766	-1.26431124788381	8.08680251771957	177.950103636793	1.92064575990785e-20	2.45967916774286e-18	chr9	107696640	107698140	chr9:107696640-107698140	683.897434	686.209709	695.211184	1691.00869	1573.676932	1801.82888	392.734196	424.265152	318.89581
2983	-1.17530713904543	8.19401969202255	172.953799348337	3.8247405970311e-20	4.69407226189796e-18	chr2	148878080	148880340	chr2:148878080-148880340	562.225178	615.74656	671.058681	1340.349699	1466.958916	1447.057132	997.066945	972.311154	933.757128
222	-1.36201843229814	7.80634714865945	171.394608383904	4.75607485624512e-20	5.603607395628e-18	chr1	155077220	155078720	chr1:155077220-155078720	406.079746	479.425668	567.819173	1240.161088	1307.157804	1249.3073	535.995404	521.585872	540.976214
4554	-1.15082709003509	8.34989610722972	170.682409908318	5.2564096520721e-20	6.07166848242289e-18	chr7	4925000	4926700	chr7:4925000-4926700	909.497159	900.362537	1044.237608	2098.297184	1973.454513	2391.152243	195.132091	221.550688	148.619871
5437	-1.73695315673148	7.01958642888468	163.929366108177	1.37801376383605e-19	1.4241893127646e-17	chr8	120224280	120225780	chr8:120224280-120225780	289.477552	267.115226	306.877958	959.19692	948.850712	1028.985524	41.990444	52.472538	26.751561
411	-1.25116261906117	8.09721531975397	162.712600489625	1.6443140742251e-19	1.61444236854334e-17	chr10	78457100	78459690	chr10:78457100-78459690	612.414714	591.798308	750.027797	1505.225552	1535.800192	1696.697284	429.166992	651.421681	602.547377
5086	-1.68014014151673	7.1592045651815	161.540517819568	1.9511374589311e-19	1.88428701156772e-17	chr8	26973300	26974820	chr8:26973300-26974820	335.357921	251.917264	365.364747	958.761491	1002.486278	1153.376448	88.920913	100.908737	73.885278
4670	-1.24924495882315	8.0066328178178	157.262273447327	3.67124277484743e-19	3.43290336295654e-17	chr7	27596060	27597580	chr7:27596060-27597580	555.635001	467.911941	638.381801	1375.633413	1238.869672	1409.763995	631.503197	829.918428	749.893094
4349	-2.04258532638697	6.55433174466018	150.41265623652	1.03649351294631e-18	9.11340788771154e-17	chr6	90734880	90736760	chr6:90734880-90736760	159.440726	144.150094	145.38818	670.610402	609.067257	609.932717	135.028094	189.708406	196.815197
5497	-1.57314574954581	7.03101467620899	146.453417437888	1.91741273563964e-18	1.6136397750933e-16	chr8	123407820	123410720	chr8:123407820-123410720	261.087482	292.905707	297.406471	779.728788	854.297455	951.946364	167.961776	192.399298	179.193148
5486	-1.53949920102507	7.98875917839809	182.877614219527	3.57953366139422e-18	2.81160437323644e-16	chr8	122586760	122588260	chr8:122586760-122588260	508.487057	488.175887	631.751746	1699.720796	1614.041579	1498.089172	295.579705	498.264797	515.074124
1937	-1.51512764789051	7.30634877179831	142.422599668994	3.62994303782089e-18	2.81368347839511e-16	chr15	103333760	103338340	chr15:103333760-103338340	383.266206	309.945712	328.66249	995.787436	957.697851	1034.383008	217.362337	320.217013	272.611246
748	-2.48600689928517	5.92236529360467	136.039240967588	1.0235602599617e-17	7.44418949559796e-16	chr11	61027780	61029280	chr11:61027780-61029280	91.253825	93.029765	72.930869	449.97751	504.284394	523.079725	24.700254	41.708925	30.148594
4430	-1.02189641319356	8.27509420600899	134.811241016846	1.25420089886063e-17	8.90180421106985e-16	chr6	122825560	122827060	chr6:122825560-122827060	705.696775	787.529224	750.14612	1470.158433	1568.700347	1610.948881	929.552898	812.651394	855.201229
989	-1.43671125222228	7.29187503808741	132.80042363165	1.75413398274559e-17	1.21571803439462e-15	chr11	102216340	102217860	chr11:102216340-102217860	439.539358	364.520057	352.814988	1083.997452	1044.509883	1077.319035	108.681112	136.563119	134.394863
5290	-1.01848449419582	8.18269242115663	128.40013988045	3.69953360520969e-17	2.42155027425448e-15	chr8	84836720	84838220	chr8:84836720-84838220	726.989308	702.328257	715.575366	1320.746735	1479.676272	1641.862424	736.890519	770.943083	806.36898
2817	-1.51605288578645	7.01464659329721	123.614860233702	8.49379969133e-17	5.43880151974185e-15	chr2	33646120	33647620	chr2:33646120-33647620	201.265458	280.931588	304.036527	692.607943	844.897455	747.817591	275.819517	290.617105	311.677104
2126	-0.840155176331364	8.73864659313008	122.95229067451	9.54560857534242e-17	5.98225320397258e-15	chr17	24638500	24640190	chr17:24638500-24640190	1068.811161	1242.54579	1281.38129	2314.791342	2063.308449	2170.585264	977.718119	916.027276	1016.135066
5485	-1.1408899331791	8.16111737718172	135.007175247973	9.5414526618106e-17	5.98225320397258e-15	chr8	122578620	122580120	chr8:122578620-122580120	594.16409	782.002473	958.519881	1591.256957	1839.089275	1794.958833	330.160124	419.780321	408.917008
2419	-0.72870505964597	9.12711261607237	121.519047148189	1.2305421677857e-16	7.63065674781639e-15	chr18	35838730	35840840	chr18:35838730-35840840	1406.956756	1473.853675	1552.385258	2339.620483	2666.43069	2483.648471	1622.806631	1814.89907	1824.202535
4235	-0.920141654761538	8.42325367757325	120.436693375787	1.49263340770528e-16	8.97255449468553e-15	chr6	48436420	48440800	chr6:48436420-48440800	881.613563	831.741595	1135.638176	1807.749924	1781.030423	1893.588519	649.616747	740.894176	769.851036
3738	-1.58937352604185	6.85060643011812	117.181227363642	2.6864064843179e-16	1.53646801933172e-14	chr4	152275870	152277370	chr4:152275870-152277370	235.23222	290.372633	233.947107	696.96426	821.949881	817.98708	116.914564	177.150846	112.101907
5112	-1.8841225987004	6.4254888380413	115.219207441309	3.84779428439738e-16	2.08174415008526e-14	chr8	36090760	36092260	chr8:36090760-36092260	152.596689	201.257502	153.438974	645.998787	697.814464	567.242371	53.517186	50.678652	73.885325
3122	-1.14516411540024	7.72420809927576	113.422004851178	5.36599581460464e-16	2.84784516611135e-14	chr2	181041340	181043920	chr2:181041340-181043920	615.963734	523.177383	555.979629	1211.411559	1262.369685	1360.694698	330.983518	282.095947	279.830041
1280	-1.55043482592107	6.78643554955625	111.763757672524	7.31518046049044e-16	3.74728070371732e-14	chr12	112932340	112933840	chr12:112932340-112933840	253.482999	223.824136	289.829232	771.016815	709.425993	809.645265	76.570776	123.781362	88.322685
2844	-1.09111206648717	7.78257413098285	109.10949938166	1.20863972980206e-15	6.03398021039316e-14	chr2	71524180	71526840	chr2:71524180-71526840	446.130003	525.940433	538.930747	1151.733198	1102.568827	1021.625471	680.903715	645.815777	635.2438
2890	-2.16482477996697	5.8721870623358	108.238159653519	1.42762904157924e-15	7.06736359995234e-14	chr2	92917780	92919300	chr2:92917780-92919300	89.986462	120.892711	100.871946	434.078013	495.437284	498.54498	7.821743	8.072698	8.917193
1948	-1.03349938720083	7.75934765916465	104.596604978787	2.88980562660597e-15	1.32998788643248e-13	chr16	4641540	4643120	chr16:4641540-4643120	661.083615	625.418001	718.89	1289.383895	1427.146887	1471.10076	116.0912	132.302516	112.951155
1753	-1.01418187138098	8.12707264552842	108.124454965795	5.24982339694835e-15	2.36081752911624e-13	chr15	76463000	76464500	chr15:76463000-76464500	785.290498	894.83573	976.516304	1749.815243	1806.465678	1908.309199	73.277444	119.745007	141.401223
713	-1.17642521070543	7.51499388028593	101.040186178274	5.84010511641311e-15	2.60636812430224e-13	chr11	53524900	53526420	chr11:53524900-53526420	420.781785	472.057037	385.255175	879.045899	939.727192	1140.128	458.189755	445.792355	450.955224
4032	-1.38609876917269	7.0512957415761	100.811919769102	6.11303470906784e-15	2.68745428888945e-13	chr5	134318350	134319850	chr5:134318350-134319850	257.792138	202.869382	281.541584	650.354856	638.649507	688.689277	510.060338	390.180229	448.619592
4997	-1.31039949024942	7.10050762025915	95.5524104776406	1.78274865901491e-14	7.39589602130763e-13	chr7	142532320	142534530	chr7:142532320-142534530	338.146253	388.698678	329.609671	844.743081	851.532561	983.718818	172.078485	119.296554	130.360891
198	-1.26507210835987	7.15240304798752	95.2520809276241	1.89711866077481e-14	7.76105974348918e-13	chr1	135762990	135764490	chr1:135762990-135764490	268.438414	356.230305	322.032538	826.773927	748.961818	741.684101	328.513302	416.416472	340.127296
2192	-1.60906993711928	6.48134374633766	93.0762480892736	2.9872675214391e-14	1.21365468750329e-12	chr17	31556660	31558920	chr17:31556660-31558920	210.39084	171.322189	171.908528	550.6019	556.814079	622.690738	121.854571	150.690354	157.537074
2720	-1.02012381759471	7.79851749528409	92.9051154179776	3.09669582484863e-14	1.2479393356566e-12	chr2	18040700	18042460	chr2:18040700-18042460	515.837942	564.396023	545.32393	1111.439926	1059.439735	1194.840188	608.861463	523.155737	691.931516
4183	-1.07398808838693	7.55333179023009	92.3448206289049	3.48476350638492e-14	1.3870771497374e-12	chr6	34875200	34877580	chr6:34875200-34877580	525.21669	475.280812	492.046625	1033.249944	1111.416227	1065.2966	350.743719	309.901888	351.167633
2765	-1.18137571500842	7.37080949476842	89.9228076025239	5.83393472517704e-14	2.29118063106786e-12	chr2	29252800	29255600	chr2:29252800-29255600	371.099016	416.331272	529.459347	918.250202	1047.274809	1070.69426	250.707701	248.235327	181.953256
5574	-0.62863236872851	9.00128107753594	88.564804742156	7.81606261891517e-14	3.00943953516531e-12	chr9	27302740	27304440	chr9:27302740-27304440	1351.571625	1438.737403	1536.757383	2267.964305	2156.479043	2396.059455	1481.192017	1545.024601	1556.262094
4202	-1.57570276491515	6.4988408199125	88.1141126460753	8.61779558509885e-14	3.29658660985827e-12	chr6	39558680	39560760	chr6:39558680-39560760	174.396227	170.170837	157.464452	528.168302	499.860896	501.489307	265.527816	206.302265	254.35237
1952	-0.825145353339423	8.15413438512638	88.0106538229622	8.81351200639555e-14	3.33419842176335e-12	chr16	8665720	8668220	chr16:8665720-8668220	801.5132	888.848869	872.329193	1503.264104	1464.194271	1666.887738	453.661423	524.276939	501.48578
4884	-1.27344911447436	7.07551491447432	86.5876232065477	1.20219415177494e-13	4.48235806842163e-12	chr7	102245080	102246610	chr7:102245080-102246610	310.770056	374.421676	401.830308	788.223207	1025.571148	860.186749	72.865744	124.005621	128.66238
4289	-1.64933227616036	6.27646244174115	85.0631946813521	1.68202760698321e-13	6.19301539546131e-12	chr6	72239420	72242240	chr6:72239420-72242240	178.958951	153.821485	210.268246	599.824851	614.873098	517.682168	18.113513	17.490863	25.477692
3005	-0.738345440401565	8.58537832637832	82.8261406969073	2.77083148759364e-13	9.83311342976754e-12	chr2	153521700	153523220	chr2:153521700-153523220	1100.876514	1127.640655	1021.032402	1827.352593	1830.518948	1883.774106	871.095416	1161.122874	931.846598
4024	-1.5038048467892	6.94281073605341	94.6635206191818	3.70753524135071e-13	1.29237219566846e-11	chr5	130018920	130020420	chr5:130018920-130020420	294.547228	299.813775	295.985788	906.923661	823.885614	845.956346	44.460462	88.799697	121.868288
990	-0.987517490806896	7.63967055032545	80.2623684004736	4.95637476294971e-13	1.67804619129522e-11	chr11	102218340	102219840	chr11:102218340-102219840	588.080495	633.247249	538.930891	1180.047993	1166.710052	1222.318779	188.545349	275.368632	256.050855
2583	-1.52280694999984	6.4118185629394	78.2326852502248	7.91271180716933e-13	2.63354718960647e-11	chr19	7168380	7169880	chr19:7168380-7169880	126.234499	160.729649	181.380082	477.42032	484.378475	404.822567	251.119292	262.811156	253.927738
2616	-1.3058988449775	6.80273721083287	77.0044535688077	1.05362410930524e-12	3.44827757106511e-11	chr19	16438680	16440260	chr19:16438680-16440260	182.000777	231.192831	324.400291	598.953791	588.33172	661.946137	264.292827	309.453379	254.352307
583	-0.734142285123589	8.39984573783536	76.7750606862173	1.11181563089205e-12	3.61862203402489e-11	chr10	127615390	127617260	chr10:127615390-127617260	973.37504	1048.542289	1053.353901	1760.922724	1557.917639	1902.543263	597.128719	772.960788	639.171852
3597	-0.686918896972502	8.59105156998431	74.5971561135432	1.86046284887668e-12	5.82978012911304e-11	chr4	133024480	133025980	chr4:133024480-133025980	1175.654473	1124.647172	1212.831451	1853.052709	1767.760234	2156.600037	708.897608	933.29386	848.831615
1699	-2.30350554318814	5.81109086781101	84.2059662819226	2.49076827293551e-12	7.60265072324512e-11	chr15	37788280	37789880	chr15:37788280-37789880	85.67721	77.371281	113.18496	351.966724	518.937434	519.399541	0	14.799964	12.738827
5438	-1.09213493543455	7.08040973571673	73.378910174398	2.49020974954227e-12	7.60265072324512e-11	chr8	120227340	120229020	chr8:120227340-120229020	390.870833	371.197978	433.559743	793.450958	961.568339	842.521531	92.625942	95.751153	112.526475
299	-1.54487275251463	6.41640602932331	72.7313531108806	2.91070953322481e-12	8.66009588900371e-11	chr1	191179320	191180820	chr1:191179320-191180820	207.349036	180.993583	156.280452	472.628662	592.202319	564.788629	89.744287	178.04783	152.866131
493	-0.761289332033411	8.09144783521829	72.181838558547	3.32472894020573e-12	9.79298909337599e-11	chr10	81328040	81329540	chr10:81328040-81329540	850.182086	837.728356	836.337054	1403.511747	1478.569874	1487.784621	438.017856	503.198067	463.693999
1958	-1.26923387748931	6.74508782238515	71.6013499511867	3.82846542682091e-12	1.11100935120207e-10	chr16	10781560	10783060	chr16:10781560-10783060	317.360674	293.366213	264.256028	700.013633	653.57912	807.682411	79.040826	53.817964	71.337535
3707	-2.25324966747037	5.01407868939519	70.5295050099216	4.9756724775842e-12	1.4312951826917e-10	chr4	148802480	148803980	chr4:148802480-148803980	36.50154	62.633879	49.252029	209.960364	260.436329	252.216628	29.64031	34.981716	35.668792
2812	-0.834585388751593	7.85082706376357	70.4401699574744	5.08604448850334e-12	1.45446058649384e-10	chr2	33629440	33630960	chr2:33629440-33630960	623.314785	751.375931	716.285397	1266.514272	1205.416846	1330.761773	392.734109	365.962272	369.42643
4027	-1.05161780949116	7.12354937340109	69.3176986345023	6.70885674662838e-12	1.89099880834391e-10	chr5	134101500	134103000	chr5:134101500-134103000	475.027315	428.305435	393.542672	895.598644	947.744774	907.784346	46.930487	56.95736	52.229262
5000	-0.640792675984548	8.59563590287624	68.4300397078899	8.36532635521181e-12	2.28680414206987e-10	chr7	143005480	143007180	chr7:143005480-143007180	1077.810064	1064.776529	1250.24393	1715.838809	1804.25402	1870.034722	906.498897	1036.892674	1126.538342
693	-0.777215918372236	7.95266384678952	68.2304723555537	8.79261361387995e-12	2.3869717419063e-10	chr11	50228180	50229840	chr11:50228180-50229840	673.758049	776.015651	812.658478	1293.739041	1302.734365	1353.334403	419.904317	447.13787	467.090951
2772	-1.32192424760069	6.54965398125187	68.1935175867306	8.87417257554853e-12	2.39806195608057e-10	chr2	30355710	30357320	chr2:30355710-30357320	226.36028	217.60682	255.613171	622.585311	634.778827	522.34376	103.741091	117.166237	138.216486
4253	-1.21839297917023	6.71511110653009	67.5052559587249	1.05442824595737e-11	2.77305214148879e-10	chr6	52103610	52107220	chr6:52103610-52107220	215.333743	220.370023	207.071601	513.248978	508.431352	506.028095	315.545727	362.486548	371.231218
2418	-0.564968688727169	9.01117227446299	66.9494501940887	1.2127827605704e-11	3.16128462058417e-10	chr18	35836500	35838010	chr18:35836500-35838010	1573.87546	1418.704276	1626.027203	2157.865716	2265.408945	2554.308667	1405.650205	1395.791901	1409.765167
617	-0.717214277604232	8.61077692729936	71.7646611603873	1.35651808299968e-11	3.50493334515399e-10	chr11	4262460	4265640	chr11:4262460-4265640	1229.899439	1169.779941	1311.335531	2046.024403	2083.490523	2091.829116	487.418197	752.106308	735.244051
2756	-1.01348192216973	7.1347372034459	66.1672368202188	1.47823849640672e-11	3.73746909112961e-10	chr2	27678840	27681140	chr2:27678840-27681140	410.642459	385.014335	407.276289	783.213837	781.308375	917.598057	195.132102	198.22956	188.110308
3549	-1.05235074210344	6.98659738099658	65.5450696353666	1.73177286162908e-11	4.28650165036005e-10	chr4	124989180	124991050	chr4:124989180-124991050	324.458216	374.306575	397.568037	776.680096	699.473228	841.049686	124.118835	154.726751	155.201656
4206	-1.39228516667048	6.44157918531938	65.1838459064769	1.89914246479257e-11	4.66160344170542e-10	chr6	42352700	42355260	chr6:42352700-42355260	208.362961	194.119108	197.955188	542.542896	641.967317	421.996878	135.439744	165.266025	127.813109
4473	-0.850148455843309	7.99791208924921	68.1783924897103	2.08495910613737e-11	5.03380905502264e-10	chr6	128034580	128036480	chr6:128034580-128036480	721.919413	812.398305	681.950986	1245.823588	1276.193164	1568.258234	392.734157	527.86459	569.851288
5363	-0.690067228769501	8.37514385168296	64.6707264784467	2.16604408214464e-11	5.20823089302615e-10	chr8	105520380	105522060	chr8:105520380-105522060	1015.199557	1109.909438	1327.673325	1743.062927	1794.853386	2134.764463	268.821183	321.562387	362.42016
2888	-1.26924880207587	7.06451698563981	73.1646749719695	2.20786249278776e-11	5.28720241667182e-10	chr2	92912980	92914480	chr2:92912980-92914480	343.215875	443.042745	312.560839	851.168308	1040.639391	815.042719	48.577137	103.151143	85.350338
2233	-0.855199235284654	7.68863553936399	62.4162229360185	3.88463007986687e-11	9.04519992114455e-10	chr17	35508780	35510760	chr17:35508780-35510760	506.459045	600.548392	654.957262	1061.127627	1073.815977	1108.968834	366.38686	527.864696	399.999831
172	-0.88302536695982	7.59533721998637	61.562068741074	4.8602461062461e-11	1.11407431174692e-09	chr1	131830040	131832160	chr1:131830040-131832160	573.378667	487.945647	537.036563	958.761861	944.703698	1110.931704	401.790818	389.507639	496.602717
3490	-1.00651121789532	7.16344718486986	61.5095930986621	4.92785945329755e-11	1.12519457516961e-09	chr4	107804960	107806560	chr4:107804960-107806560	330.28829	412.646809	363.470583	736.38615	784.90323	746.100303	280.75962	401.392545	321.018999
1771	-0.782660515369031	7.77329773166626	59.904461739818	7.54095041355685e-11	1.65760219724863e-09	chr15	78839080	78840700	chr15:78839080-78840700	755.379267	699.565369	815.026255	1351.239475	1218.133788	1413.689742	125.147958	125.126788	108.704854
28	-1.64608848138954	5.73599775515425	58.6973946948149	1.04226143736258e-10	2.2246239592402e-09	chr1	36706360	36707860	chr1:36706360-36707860	108.744172	93.950887	100.871944	302.743621	314.624894	354.771792	94.684322	131.85401	115.923546
4857	-0.726626068506663	8.03709121895118	56.6804838509381	1.80294933018589e-10	3.71369737906471e-09	chr7	98170760	98172260	chr7:98170760-98172260	666.660489	680.222721	796.083579	1308.115062	1254.075453	1042.234763	749.240733	771.391082	779.192586
2546	-0.848410711546945	7.49433477233198	56.6280262073923	1.82905826765886e-10	3.75434921769281e-09	chr19	5639790	5641290	chr19:5639790-5641290	514.063621	525.019636	577.053773	1007.985054	990.597972	965.931051	261.411115	358.113812	285.350235
2321	-0.947318183207149	7.17910235707302	56.1908350259418	2.06240414348985e-10	4.17512811316106e-09	chr17	56723020	56725420	chr17:56723020-56725420	413.177215	454.786609	512.647349	1002.322284	850.7033	854.053062	108.681144	83.417922	100.212303
5451	-0.535589504943671	8.89704182996746	55.5917112558469	2.43303484994922e-10	4.85864688171216e-09	chr8	120556770	120558270	chr8:120556770-120558270	1591.112809	1476.732487	1475.192463	2210.247056	2348.074275	2168.622896	989.656117	1140.044034	1151.379424
5769	-1.26573320818873	6.55019718805069	55.5024714896034	2.4938505724638e-10	4.96326814945414e-09	chr9	107982680	107984430	chr9:107982680-107984430	227.50093	192.852611	326.176292	541.344979	637.68194	644.035989	59.898095	114.699556	98.513778
5553	-1.46718181901868	6.01642880775702	55.2932990145506	2.64261731003473e-10	5.22404650114583e-09	chr9	21284520	21286170	chr9:21284520-21286170	177.945031	118.820197	159.59546	461.956597	391.483981	435.736059	71.424913	67.272504	71.762182
2166	-0.685955816972106	8.13684656851458	55.0830023293534	2.80142246109072e-10	5.46462904578987e-09	chr17	28346740	28349490	chr17:28346740-28349490	666.913989	849.5877	905.835154	1319.114138	1334.114203	1309.171169	656.409131	838.43945	745.32873
4287	-1.34111123540186	6.24823369009036	54.7877673011078	3.04113932930616e-10	5.89320782531006e-09	chr6	72096620	72098150	chr6:72096620-72098150	158.04663	176.848712	211.57058	458.907322	445.395962	504.924387	83.980873	134.993424	134.288697
670	-0.766467804070054	7.73684053568016	54.580194035475	3.22225902532936e-10	6.20337513667166e-09	chr11	32614000	32616320	chr11:32614000-32616320	511.021787	623.115076	594.812748	1008.420603	933.645012	1056.954998	546.699087	633.482504	628.237485
4095	-0.75357245867485	7.92089706245165	54.4367315950503	3.35390623108357e-10	6.43578553984147e-09	chr5	140506880	140509660	chr5:140506880-140509660	677.306454	722.13236	743.515973	1156.090281	1244.675321	1285.127766	614.213199	480.774041	464.543278
945	-0.526351976271145	8.8026969629589	54.270938159628	3.51297484317559e-10	6.69738990328394e-09	chr11	97670240	97672960	chr11:97670240-97672960	1389.339965	1348.240547	1646.391457	2106.355587	2168.920075	2152.429517	867.802414	979.935689	972.823236
2408	-1.0994495687419	6.72917729393318	54.1303960600235	3.65389967100052e-10	6.94358805221421e-09	chr18	23803080	23804660	chr18:23803080-23804660	238.27397	274.483856	252.890165	505.73511	651.36722	516.209843	227.242421	291.065592	280.254635
4233	-0.707212157174328	7.97911031101791	53.9680467583632	3.82396938209148e-10	7.22019347112209e-09	chr6	48023840	48027060	chr6:48023840-48027060	651.451483	747.0014	744.936706	1136.052369	1210.945565	1220.846901	560.695854	762.869878	694.267236
1563	-0.921495859039309	7.25459580826942	53.8336985541963	3.97086760838789e-10	7.42615272413113e-09	chr14	55095060	55097600	chr14:55095060-55097600	319.388486	420.476086	469.314945	709.596566	807.297278	811.607665	391.087405	395.113678	344.798261
1796	-1.01781042673121	6.85225138135092	53.5363916429111	4.31699310417859e-10	7.9972976027409e-09	chr15	79931960	79933570	chr15:79931960-79933570	260.453705	273.332499	326.768178	625.961166	536.216821	611.282008	260.999411	299.250416	336.624076
4292	-0.950686252419667	7.0338634128013	53.4190930295795	4.46197527699236e-10	8.23996750995674e-09	chr6	72390440	72392140	chr6:72390440-72392140	305.193492	350.473502	398.752067	626.832101	701.685299	746.836281	284.052997	267.744455	316.56039
1685	-0.832584401542573	7.48144536636006	53.3461386071237	4.55467043659476e-10	8.38486360686866e-09	chr15	25758020	25760820	chr15:25758020-25760820	467.169032	506.367474	466.473428	886.451344	793.473914	940.415399	473.421555	452.519469	475.371259
3780	-0.869374665597918	7.47646540804126	52.9947120202865	5.02981192147814e-10	9.17546602024466e-09	chr5	24454680	24456600	chr5:24454680-24456600	385.040698	491.169626	564.030487	908.884978	738.179453	1029.72174	418.257803	466.198209	450.530655
4314	-0.994882107171582	6.82268638477713	52.4477461378298	5.87337916081905e-10	1.05810631915551e-08	chr6	83442920	83444600	chr6:83442920-83444600	307.72828	356.460447	354.23552	658.41351	678.461532	733.341984	103.741103	132.302539	104.246244
3593	-0.710835174158725	7.92084847587333	52.311101683627	6.10605138489725e-10	1.09666916793993e-08	chr4	133007370	133008870	chr4:133007370-133008870	695.557545	721.671982	805.080936	1192.679717	1196.292957	1318.985701	399.732456	509.476728	554.989169
4872	-0.756589094254151	7.69682304628199	51.9450580785348	6.77732060279233e-10	1.20619926498639e-08	chr7	100854560	100856060	chr7:100854560-100856060	683.897104	628.641718	653.536521	1178.306022	1013.544909	1202.200694	282.406371	348.022922	312.950977
252	-1.07203930804753	6.80666237273937	51.5821516177215	7.51815837379146e-10	1.32603206526963e-08	chr1	171247620	171251820	chr1:171247620-171251820	299.61682	246.621023	255.968448	579.351638	577.272884	567.978422	358.565396	248.459691	277.919148
3749	-0.96768425852319	7.06219552284055	51.287112944953	8.18174193469643e-10	1.43022675778328e-08	chr4	155358900	155360620	chr4:155358900-155360620	287.703163	347.019554	299.063914	621.169284	589.437654	654.585897	443.781227	355.647311	495.116591
4159	-1.27811504143455	6.36296132693191	51.2617363340824	8.24156734143913e-10	1.43642228427272e-08	chr6	29213680	29215220	chr6:29213680-29215220	208.362985	143.229062	218.792675	481.776492	428.53123	500.507929	129.264706	195.538673	200.849187
5516	-0.698471056903784	7.88364709936312	51.1515768807424	8.50654244011349e-10	1.47823131311825e-08	chr8	124753990	124755490	chr8:124753990-124755490	718.624417	802.266862	922.291689	1352.11088	1223.663548	1460.551265	230.535838	229.174861	221.443681
3975	-0.874428735132908	7.29003841853208	50.9863696651832	8.92049858255532e-10	1.53513083771026e-08	chr5	121833260	121834960	chr5:121833260-121834960	412.163388	484.952298	545.56083	858.573468	843.238465	991.202162	166.315089	231.865823	223.354469
1263	-1.08343811232665	7.64169390768681	65.0902267469634	1.12127429610335e-09	1.90358123295241e-08	chr12	111682270	111684100	chr12:111682270-111684100	593.91084	538.605323	561.899139	1312.143627	1095.104074	1260.470113	137.909782	275.480724	285.562585
182	-1.22786289170689	6.3995306555394	50.0249112443598	1.17784600681623e-09	1.98816356050269e-08	chr1	133419990	133421490	chr1:133419990-133421490	198.730633	165.104864	273.964373	490.053127	468.619412	559.881872	108.681135	161.229701	141.188889
2761	-1.04214454524875	6.78877499130751	49.9701513267491	1.19672450574363e-09	2.01425830381021e-08	chr2	28532840	28534340	chr2:28532840-28534340	289.984517	332.97303	353.288623	563.234069	691.178996	797.377651	83.157553	141.720715	100.636924
4773	-0.936033319379621	6.8938471146053	49.8306289843459	1.24624780774693e-09	2.09163699015304e-08	chr7	45334100	45335940	chr7:45334100-45335940	324.458209	361.526571	379.335259	639.029288	733.755695	704.636318	148.201579	161.453958	154.989355
5362	-0.686917215228917	7.98981271707749	49.5850159432716	1.33862458838919e-09	2.23394828617583e-08	chr8	105517840	105519780	chr8:105517840-105519780	696.064284	854.768531	864.278269	1237.547718	1376.828495	1345.48316	502.238572	413.949956	446.708932
2116	-1.6450520055981	5.59321936529581	48.9339575902074	1.61923258116785e-09	2.67196054220163e-08	chr17	24161010	24162510	chr17:24161010-24162510	69.707772	107.076316	118.631107	357.194238	260.71283	320.423104	49.400518	105.842028	73.036087
856	-0.826838952946741	7.44305793329594	48.3238496539883	1.93733304227555e-09	3.17906098942765e-08	chr11	78462670	78464170	chr11:78462670-78464170	526.737928	414.489095	422.430795	776.461827	819.185496	882.267791	461.894785	531.901094	488.959407
2751	-1.04242359276176	6.73148377803935	48.2999702106848	1.95102064921774e-09	3.1926285123727e-08	chr2	26586420	26589490	chr2:26586420-26589490	249.047	293.366184	355.893251	584.796778	554.878626	744.014661	119.79621	176.59024	153.184662
3808	-0.808534401733335	7.44758419764614	47.9076098711912	2.19076636969696e-09	3.53583689969447e-08	chr5	30907120	30909320	chr5:30907120-30909320	537.130485	438.20716	561.425687	896.470598	938.620977	909.010693	320.280073	324.253313	391.294805
5463	-1.52430918269494	5.80807507699199	47.5026006264419	2.47026013017475e-09	3.93305470996202e-08	chr8	121654300	121655800	chr8:121654300-121655800	121.164831	134.478679	85.243901	352.402386	336.742575	316.006945	81.510852	156.072157	115.923513
2839	-0.74719181971008	7.63735525526995	47.3641100075709	2.57405856745956e-09	4.04367440557448e-08	chr2	69587240	69589020	chr2:69587240-69589020	571.857704	608.377902	524.249809	914.329683	999.168471	1012.79242	423.197661	543.113079	484.076416
27	-1.14562634748483	6.42769153373231	46.9201002727473	2.93821131284799e-09	4.55500074841776e-08	chr1	36562300	36563800	chr1:36562300-36563800	245.371489	190.665014	270.412526	551.473026	542.43738	497.072939	106.211098	93.732977	108.280225
2793	-0.848078471714825	7.41612469045519	46.552456681615	3.27976541879398e-09	5.01846703431568e-08	chr2	32349080	32351640	chr2:32349080-32351640	417.739906	502.452889	467.894161	842.238186	779.926636	928.147747	307.106555	490.192228	490.870125
5534	-1.70460849883841	5.15656109381694	46.4817220844707	3.3500433160167e-09	5.11272154783792e-08	chr9	14612060	14613560	chr9:14612060-14613560	62.356722	66.778781	87.138188	227.384408	244.401027	245.837701	34.580358	59.19978	47.133733
277	-1.07670564963911	6.65085201664063	46.1971844333821	3.64880204992528e-09	5.51156227592559e-08	chr1	180847490	180848990	chr1:180847490-180848990	239.287926	296.359704	222.344481	544.938915	601.04943	487.013915	202.130541	269.53835	195.54135
5475	-0.704837169039746	7.64843647881761	45.5307962214591	4.46091768871483e-09	6.61946249476551e-08	chr8	122430180	122431960	chr8:122430180-122431960	551.579213	628.641867	627.016214	985.333802	953.827006	1065.296697	412.494337	455.658898	442.038025
726	-0.793783220476519	7.43015126122416	44.6372029521118	5.85212164545833e-09	8.2673497873849e-08	chr11	58102040	58104720	chr11:58102040-58104720	403.291364	433.831953	523.06611	744.009504	759.191151	898.460586	489.888455	590.876619	448.407328
1062	-0.945682166735409	6.773963514899	44.6187761897082	5.88511292636876e-09	8.27427213585642e-08	chr11	117266880	117268400	chr11:117266880-117268400	241.569238	261.588685	274.911556	494.844237	521.702148	511.057963	334.688623	349.592661	361.358514
2176	-1.22001399229171	6.30725876016719	44.0954009600816	6.90681408737759e-09	9.57365689146856e-08	chr17	29347180	29348860	chr17:29347180-29348860	179.972869	195.500717	180.669663	419.267595	453.966636	450.211543	234.652365	142.393366	149.044467
899	-0.663914344883436	8.28001584676201	47.8823618301717	7.22862033797917e-09	9.97278744989117e-08	chr11	95096220	95097920	chr11:95096220-95097920	1210.128021	943.653281	1095.857533	1721.936254	1566.488513	1979.459513	265.939436	367.756266	265.817346
1683	-0.859170654337514	7.51273048039241	46.3319474721192	7.38295907474635e-09	1.01619186704044e-07	chr15	25753790	25755470	chr15:25753790-25755470	499.868389	451.332476	438.058917	812.398788	795.132332	973.046384	664.436697	456.107551	495.116495
2776	-0.653275520930417	7.85180473029698	43.0437468838128	9.55053956963293e-09	1.29041808726394e-07	chr2	30710880	30712380	chr2:30710880-30712380	660.06988	626.799546	713.20732	1048.931679	1064.415841	1094.247951	535.99535	637.743009	690.445523
3126	-1.0060895940365	6.92773669331484	45.1809325259498	1.01918207951113e-08	1.36454582509092e-07	chr2	181674910	181676410	chr2:181674910-181676410	269.452401	416.561411	288.408488	652.532756	552.114024	798.11397	219.420649	220.205261	291.719619
2156	-1.04670232798521	6.53791797624668	42.7428635528497	1.04847767066367e-08	1.39112206258551e-07	chr17	27858530	27860100	chr17:27858530-27860100	200.251596	220.254919	201.03347	410.228733	454.519417	446.899403	291.463088	341.519999	278.343801
944	-0.810910024566315	7.40743623884349	42.4730782899207	1.27388827332503e-08	1.65296824188496e-07	chr11	97665080	97667160	chr11:97665080-97667160	520.65411	505.215937	626.779387	925.220525	934.474182	1094.983913	226.41912	173.338744	140.33968
4652	-1.30583784591015	6.0149278553804	41.9354778712998	1.34866719639798e-08	1.72717357695228e-07	chr7	27255190	27256780	chr7:27255190-27256780	144.231804	188.93791	129.049776	368.519769	368.12216	434.264164	125.765465	116.717779	83.545615
4553	-0.519724308990667	8.61444165518564	41.7837104093788	1.41434335222671e-08	1.79566738964818e-07	chr7	4919540	4921060	chr7:4919540-4921060	997.709587	1159.187862	1398.47305	1820.164591	1685.923902	1669.341364	972.36618	1195.431702	1124.627845
5397	-0.665124638455481	7.70947960202352	41.5582496504786	1.51805818214401e-08	1.90679760149475e-07	chr8	110726410	110727920	chr8:110726410-110727920	739.156376	680.107533	725.283211	1062.870537	1197.53668	1213.731502	244.738432	256.195993	223.991391
5484	-0.620957435790537	7.99065641338097	41.4787351522498	1.5564800490364e-08	1.95089871678158e-07	chr8	122576360	122577860	chr8:122576360-122577860	755.379471	687.591481	797.030053	1021.488536	1260.71057	1233.60479	645.49948	655.682333	726.538742
2343	-0.646656432947602	7.92054170432431	41.0667093400609	1.77226263537509e-08	2.19797877578834e-07	chr17	66478580	66481260	chr17:66478580-66481260	618.752041	720.520078	731.203224	1120.37055	1090.127816	1091.058557	772.29432	633.033938	635.456103
812	-0.731436373807002	7.42121321196275	40.9132790872331	1.8602998350397e-08	2.29268333226336e-07	chr11	72411080	72412580	chr11:72411080-72412580	432.948972	470.214902	492.993838	779.293577	794.026349	789.036209	450.368002	532.797985	508.279721
1053	-0.790301272130877	7.57256720440757	42.4378719159232	2.08945225266221e-08	2.54843959015177e-07	chr11	116620420	116622180	chr11:116620420-116622180	560.957958	417.712904	742.095376	994.26408	1027.921403	999.053211	298.049868	394.889471	370.275834
1191	-0.675806139529879	7.64233828036699	40.1815598676498	2.3465775309806e-08	2.83272299897678e-07	chr12	80523840	80526700	chr12:80523840-80526700	514.063455	512.584874	620.386179	875.125889	875.309706	928.883843	614.21276	573.161494	609.766086
3394	-1.13154761756656	6.27411469916459	39.6661067664558	2.76643296315086e-08	3.27250132247424e-07	chr4	40849400	40851060	chr4:40849400-40851060	175.917147	161.650773	197.481788	323.217115	444.5664	428.375756	172.078393	243.526488	216.56046
416	-0.784875370599219	7.22865697369262	39.5972635015253	2.82810469232891e-08	3.33207294850193e-07	chr10	79613580	79615100	chr10:79613580-79615100	376.929263	431.2989	541.535929	775.372991	832.732869	752.724669	244.532572	313.713932	302.123029
5784	-1.09217016355977	6.35149748395219	39.57480987682	2.84852448717813e-08	3.34943268542243e-07	chr9	108781460	108784200	chr9:108781460-108784200	173.382337	200.336379	192.745885	373.747343	472.766671	384.704082	220.655608	209.890152	262.844884
3169	-0.665080982918455	7.65670986250183	39.4009448007878	3.01187868946174e-08	3.52043201579745e-07	chr3	41583160	41584660	chr3:41583160-41584660	574.392692	536.072446	590.550551	931.318246	869.226995	951.94657	517.881888	649.852183	559.660004
156	-0.95845278097587	6.6484675060996	39.380957789568	3.03126673305505e-08	3.5360776880054e-07	chr1	119522750	119524250	chr1:119522750-119524250	261.594452	334.81518	278.936873	561.927368	603.261183	570.92273	116.914556	152.932817	160.934105
1677	-0.950453337985666	6.72197523450386	39.1689250732406	3.24504801511411e-08	3.75873391181219e-07	chr15	12734600	12736240	chr15:12734600-12736240	220.276696	238.56156	300.24782	509.219413	452.307411	530.440264	372.150287	333.895639	273.885257
1811	-0.655704364918595	7.65616989513554	38.5154208131879	4.00719208552939e-08	4.53097285525022e-07	chr15	82903920	82905420	chr15:82903920-82905420	614.442825	583.969009	705.156378	1024.102391	946.638563	1085.415256	363.917197	449.828586	375.795983
4331	-1.08254106327592	7.37044213411927	49.4819350814019	5.14833592323783e-08	5.71164725495179e-07	chr6	86478800	86480340	chr6:86478800-86480340	465.394843	471.596447	585.814866	1131.259418	998.062568	1152.639935	27.170266	85.660332	86.624222
421	-0.802637194805032	7.01721426415027	37.644322156425	5.32001274975176e-08	5.89101411819316e-07	chr10	79686500	79688560	chr10:79686500-79688560	419.260757	375.342922	358.497872	606.794318	711.085119	741.929574	236.29913	262.362615	226.751521
5477	-1.55721706329514	5.26911834848921	37.5733389628181	5.44489803715642e-08	6.0179914328121e-07	chr8	122443890	122445390	chr8:122443890-122445390	62.356785	78.522647	92.821093	202.555092	261.542295	235.778452	41.990438	95.975419	95.541349
1268	-0.795362657239181	7.0759144105531	37.4900049125909	5.59537971351195e-08	6.17273069144174e-07	chr12	112587680	112589470	chr12:112587680-112589470	398.855482	336.426886	412.604014	630.970452	670.167492	732.606474	344.568624	291.065612	295.541257
4116	-0.579096142497269	8.02428952985517	37.4510325996003	5.66722019118135e-08	6.22865562430025e-07	chr5	142973920	142975420	chr5:142973920-142975420	770.081782	833.58361	788.97963	1096.847713	1196.016427	1360.694682	657.026792	611.730979	638.640742
753	-1.40985253376874	7.13100634614984	59.7127718535885	6.00673430429046e-08	6.54078960934845e-07	chr11	61687040	61688540	chr11:61687040-61688540	220.023212	422.318359	356.603581	930.447819	782.414782	987.767036	119.384601	234.108218	213.16341
4440	-0.752690785418189	7.21651605669626	37.1336297793181	6.28892647834535e-08	6.83543650995064e-07	chr6	124757280	124760180	chr6:124757280-124760180	453.227586	405.738637	435.217442	726.58536	759.744378	740.457307	344.980304	307.659393	357.53697
447	-0.627327477282059	7.94932494620642	37.3278113664828	6.45592689178803e-08	6.99115171314766e-07	chr10	80154740	80157520	chr10:80154740-80157520	781.234868	682.985573	824.498102	1081.165857	1223.663696	1303.774274	581.279429	624.28858	441.613408
1941	-0.832326461940491	6.94177343383638	36.9901932892197	6.59256010469804e-08	7.12601313335342e-07	chr15	103371360	103372880	chr15:103371360-103372880	350.059906	270.338967	318.954247	565.41204	580.037842	563.071373	400.555915	340.847157	367.940296
4549	-0.741756649486446	7.383570831168	36.8011356444603	7.01602417313904e-08	7.54222598612446e-07	chr7	4740620	4743660	chr7:4740620-4743660	366.536366	484.031136	516.435826	700.66688	766.379631	859.941157	472.598138	537.507006	414.012623
5636	-0.626342574174457	8.04938576765487	37.8342765352469	7.7877622230469e-08	8.26625355963411e-07	chr9	58128060	58130120	chr9:58128060-58130120	662.604571	867.664004	986.461103	1426.598089	1214.81642	1302.301708	481.655167	656.579206	490.445423
4826	-0.755137760688227	7.34315465855971	36.4185092997117	7.96108509589641e-08	8.41988371632419e-07	chr7	79468500	79470000	chr7:79468500-79470000	555.12787	406.65985	654.483879	916.943753	841.579801	1019.17102	167.961772	199.57497	164.755814
892	-0.749390012383276	7.25480245491343	36.1996644554627	8.55972757729897e-08	8.92484162086163e-07	chr11	94469150	94470660	chr11:94469150-94470660	483.138603	414.14363	523.184384	709.923519	836.326763	890.609982	232.38827	251.82336	305.732378
5252	-0.875027909386498	6.82108972776847	36.0535537584988	8.98509181863265e-08	9.32326168513654e-07	chr8	80857300	80858980	chr8:80857300-80858980	288.970597	274.483782	306.167599	525.77259	474.701898	628.824514	368.033864	329.186774	259.235335
1779	-0.992101096274585	6.46720734463121	36.0232984915566	9.07586397464619e-08	9.39647006584195e-07	chr15	78986120	78987760	chr15:78986120-78987760	283.647493	245.23943	242.7083	544.503294	426.319332	601.345661	104.976106	110.999584	119.320552
2874	-0.682517596908044	7.40855411935066	36.0056207137088	9.12933828231672e-08	9.41872711403289e-07	chr2	91953300	91954800	chr2:91953300-91954800	534.849162	538.835812	608.546564	960.503319	879.732992	909.747075	233.829153	240.835444	250.106009
3032	-0.693404777562979	7.38381074741777	35.7334783994345	9.99483033536194e-08	1.02577605410483e-06	chr2	156716600	156718300	chr2:156716600-156718300	499.361525	494.623729	562.609635	772.759747	925.074387	868.037591	296.40313	335.016922	332.483934
1512	-0.758008859691977	7.20038336292358	35.4088069441538	1.11391290970699e-07	1.12750188162953e-06	chr14	25765230	25767680	chr14:25765230-25767680	454.621709	545.05339	440.781935	817.844351	769.005895	904.717382	138.52726	181.523588	205.520075
2494	-1.08179471519088	6.79344978357124	40.0287643977965	1.15848033240006e-07	1.17060165320219e-06	chr18	77039360	77040900	chr18:77039360-77040900	320.909378	378.5667	283.199108	670.827963	696.708568	762.538989	118.561197	70.86035	47.133748
640	-1.00843987056235	6.3913604611505	35.2535035483196	1.17334672085245e-07	1.18157017650286e-06	chr11	9118680	9120180	chr11:9118680-9120180	212.418752	211.85	211.688985	427.325904	476.084148	401.878404	163.021742	241.732443	211.464877
999	-1.233755389835	5.85080754249444	35.1854774735137	1.20040106971108e-07	1.20264671797074e-06	chr11	102609220	102610720	chr11:102609220-102610720	143.471334	148.295009	164.331237	378.974089	414.707583	297.36059	74.10078	70.860343	49.256874
4866	-0.803083122771121	6.89829503403256	34.8515638011532	1.34284218763907e-07	1.33626407557124e-06	chr7	99383800	99385420	chr7:99383800-99385420	402.023985	404.357008	396.384136	755.33502	691.732127	694.822707	96.330989	68.617948	90.870449
394	-1.04733240995689	6.33527244036326	34.7252484780093	1.40117366433668e-07	1.38796845024665e-06	chr10	76237260	76238780	chr10:76237260-76238780	179.465937	231.423111	289.829264	537.533693	472.766523	457.326762	74.100753	122.435921	81.528605
2353	-1.09435812800423	6.1455474996497	34.2797519795172	1.6286235400382e-07	1.59108147170232e-06	chr17	71002020	71003520	chr17:71002020-71003520	179.465961	155.203154	144.914587	350.660039	354.436598	342.995037	215.715607	198.229576	215.286504
1926	-0.800568676658013	6.9974195519025	33.9752626113807	1.80572145803828e-07	1.74958965613544e-06	chr15	102510100	102512720	chr15:102510100-102512720	315.332815	407.120375	410.117738	683.460839	600.496365	725.245734	212.422259	328.28962	211.889567
4967	-0.983306122310198	6.34379741293511	33.4905520500016	2.12969564649528e-07	2.04000602495995e-06	chr7	139388180	139389700	chr7:139388180-139389700	208.869961	197.112602	228.97454	422.099199	394.525162	464.196564	197.602116	189.035704	169.426698
3236	-0.651474138664337	7.49836188848507	33.2452355574077	2.31596324013339e-07	2.2040936102788e-06	chr3	89338700	89340200	chr3:89338700-89340200	472.999268	508.900448	597.654616	895.163035	791.815123	836.63355	442.134234	536.834503	449.681218
4573	-0.976656888028935	6.35440725481422	33.2284528275357	2.32930509112491e-07	2.2132155309382e-06	chr7	13040760	13042260	chr7:13040760-13042260	217.488357	256.522672	223.054836	497.457996	466.684169	435.245652	108.681139	135.890424	138.428858
676	-0.566327704785512	7.90985946639379	32.9500171987409	2.56260377272717e-07	2.41154933308878e-06	chr11	35975640	35977440	chr11:35975640-35977440	752.084245	636.010381	734.991654	993.826787	1141.828182	1073.883938	623.681337	691.33705	714.437081
1286	-0.671284848534354	7.44898010337915	32.9362020033252	2.57478878973705e-07	2.41915163641801e-06	chr12	113143720	113145240	chr12:113143720-113145240	430.414149	497.847435	534.905502	760.344802	748.685345	865.338853	411.259393	551.185842	558.17374
5541	-0.873868462886457	6.63503377612308	32.7158271616485	2.77744978222197e-07	2.58891719415659e-06	chr9	20891600	20893140	chr9:20891600-20893140	236.246124	305.340342	295.038499	550.601629	455.625386	555.956397	205.012228	207.199248	214.437313
3888	-1.04741247821564	6.20614918514873	32.6298636646994	2.86090228677986e-07	2.65829264533441e-06	chr5	92897060	92898640	chr5:92897060-92898640	138.401686	192.046618	226.36985	361.114676	430.743105	375.871649	175.371882	169.526586	178.768529
3056	-0.556862852376619	7.89149953806098	32.4752546704976	3.0175670058842e-07	2.78628326515107e-06	chr2	163053620	163055280	chr2:163053620-163055280	672.236901	674.235658	753.461417	948.30656	1079.898173	1122.707927	689.960688	678.554931	653.078004
5650	-1.01169088399567	6.28477222672005	32.2390132599447	3.27424839510616e-07	2.99308512294439e-06	chr9	59659160	59660660	chr9:59659160-59660660	144.992215	200.33633	215.477839	413.822444	393.695662	340.050812	210.775659	219.756774	240.339482
4092	-0.815499746207107	7.08948567588532	33.2985622416272	3.8615330117245e-07	3.48365864809632e-06	chr5	139913390	139915000	chr5:139913390-139915000	470.21084	442.467034	466.946956	816.972697	761.40265	902.508852	93.860972	49.893796	108.917153
2071	-0.952094179900215	6.38620151074591	31.5876247959248	4.10533959173432e-07	3.69229855494762e-06	chr17	5939460	5941680	chr17:5939460-5941680	228.134648	285.076372	225.422715	495.715459	489.907952	474.010497	95.507688	104.945045	132.908658
5639	-0.836010198632855	6.74290294830853	31.3962289509668	4.38882809119966e-07	3.92330596134404e-06	chr9	58246620	58248150	chr9:58246620-58248150	339.160237	260.207112	329.609748	596.557995	604.643541	488.731196	175.371905	228.726319	232.802445
1947	-0.828110714355009	6.75159646547469	31.3756710480475	4.42045606447353e-07	3.93379329209744e-06	chr16	4639140	4640640	chr16:4639140-4640640	309.75627	292.445068	384.071145	557.135806	588.3317	637.411419	130.91141	162.799442	211.889538
4750	-0.719238990555729	7.1149656084388	31.3597960994212	4.44504025441677e-07	3.94958252470124e-06	chr7	44429170	44430960	chr7:44429170-44430960	389.349904	435.098435	399.699098	704.369265	718.135175	632.872619	343.333555	287.365589	309.447843
857	-0.951270318045511	6.67471445464477	32.3373243127799	4.50476294043318e-07	3.99061029805893e-06	chr11	78465100	78466610	chr11:78465100-78466610	205.701428	223.824154	317.88866	357.629754	605.334797	504.80147	237.122568	366.522994	313.906547
3674	-0.987169337494451	6.37018985211993	30.798676931676	5.41109686691938e-07	4.69466445405332e-06	chr4	141871100	141872600	chr4:141871100-141872600	234.725274	191.58602	208.373931	438.651571	397.566379	450.457137	141.614827	268.64139	189.808831
202	-0.532267611461905	8.09455172936591	30.3551417146554	6.3267047330162e-07	5.40153878002876e-06	chr1	136227700	136229340	chr1:136227700-136229340	922.424667	889.539809	944.549411	1399.37394	1354.434449	1311.870586	377.914037	605.900511	516.560297
1090	-0.583353001852916	7.67828711171985	29.5307698162172	8.47756820933911e-07	7.0945680281908e-06	chr11	120577990	120579800	chr11:120577990-120579800	562.225338	774.057972	711.904742	989.144858	1056.674716	1080.753657	320.897632	402.513583	336.411804
815	-1.14323394201295	5.88659826598737	29.464879886426	8.67922674528066e-07	7.22165603904638e-06	chr11	72487930	72489430	chr11:72487930-72489430	134.599457	173.624885	128.102599	312.327004	320.154355	353.790403	82.745877	132.302558	158.598625
4939	-1.04852171313667	5.99737405382682	28.6575994169128	1.1593060132333e-06	9.34264257723308e-06	chr7	127820560	127822060	chr7:127820560-127822060	194.167952	201.257506	179.01217	386.37926	397.013372	432.301378	34.58034	40.363518	61.146452
4748	-0.779388716139237	6.70963733641566	28.5834864236904	1.1906888967894e-06	9.5693701104862e-06	chr7	44377680	44379180	chr7:44377680-44379180	275.282538	258.364928	304.983665	489.617661	470.001774	507.868335	276.642966	294.653409	321.018887
5005	-0.778652610542881	6.86553259694534	28.5116627183004	1.22193946767001e-06	9.77781457458583e-06	chr7	143465740	143467240	chr7:143465740-143467240	243.850574	400.672891	349.499959	492.666563	594.966979	650.169438	278.289579	246.665767	301.486065
5660	-0.828451087993921	6.76979590893611	28.5481175682763	1.3707959028818e-06	1.0853976698759e-05	chr9	62837020	62839440	chr9:62837020-62839440	264.129257	306.26148	346.184916	484.39013	547.966874	626.125559	318.633202	188.811393	242.038126
824	-0.554727432868985	8.10166676676969	29.5890646790619	1.41499145956177e-06	1.11738802791935e-05	chr11	74842820	74844740	chr11:74842820-74844740	785.0371	977.273016	1067.679578	1378.246349	1351.670128	1499.315832	311.634971	517.325303	478.980585
2636	-1.14594229889884	5.85223483406627	28.0184054327519	1.46074290717182e-06	1.14279368740361e-05	chr19	24901640	24903140	chr19:24901640-24903140	101.900112	188.36223	116.973568	285.755206	260.436346	376.362329	130.911344	135.890452	160.084886
1684	-0.704901526425809	6.97195494000165	27.9924330299101	1.47457939122709e-06	1.15208848723061e-05	chr15	25755640	25757330	chr15:25755640-25757330	364.508776	357.03643	394.608433	590.3509	616.669897	649.065494	266.968541	351.498749	237.579528
5298	-0.678842331268452	7.2459353686283	27.9096452347488	1.51959336406064e-06	1.18255277512301e-05	chr8	84965460	84967600	chr8:84965460-84967600	351.327461	489.557894	464.579169	661.244706	754.214595	711.997084	316.986728	427.852943	467.091091
4603	-1.10406483843591	5.83135904779295	27.8048218377464	1.57863139222237e-06	1.21724051460497e-05	chr7	19361700	19363200	chr7:19361700-19363200	132.318085	134.018172	122.656465	246.986533	258.224642	351.827517	148.201531	152.035788	187.68567
3085	-0.699001325010517	6.90812026975797	27.5856839861852	1.70982623782443e-06	1.30812809961347e-05	chr2	168076580	168079480	chr2:168076580-168079480	397.461253	425.081608	420.063059	641.206798	691.17928	727.208571	86.450888	126.472322	118.89591
3911	-0.72436914956316	6.87409786448492	27.4964261365691	1.76644305869541e-06	1.34272465274512e-05	chr5	110362360	110365410	chr5:110362360-110365410	372.873479	297.165694	349.144675	540.147079	591.096473	589.200941	244.532632	272.005029	319.42661
5113	-0.671395602408163	7.26853699394774	27.3650222456857	1.85333814457576e-06	1.40154236324721e-05	chr8	36093760	36095740	chr8:36093760-36095740	428.386179	465.148761	523.302666	782.342582	675.696794	841.049501	238.769276	356.095619	395.328908
465	-0.646208747855567	7.42407641860758	27.2112240963903	1.96067203773625e-06	1.47513652289965e-05	chr10	80429820	80431380	chr10:80429820-80431380	514.06345	409.193013	526.854721	730.723765	746.473434	839.577708	395.615685	484.586042	615.073815
3087	-1.01497826464616	6.02083273887777	26.7199335369029	2.34859250700992e-06	1.73813548477329e-05	chr2	168280510	168282040	chr2:168280510-168282040	146.766622	182.835797	206.598021	313.198108	417.887047	371.087212	82.745867	119.96924	129.299343
789	-0.681723414211164	7.0170132624859	26.7113873174837	2.35600157885143e-06	1.74143102898541e-05	chr11	69759740	69761260	chr11:69759740-69761260	391.884631	338.499459	452.266203	622.694173	596.073149	714.941074	298.461561	289.495827	242.462727
2800	-0.935188263078862	6.25210404457555	26.706921435197	2.35988283203179e-06	1.74211400545104e-05	chr2	32645800	32647300	chr2:32645800-32647300	147.020032	241.785316	196.06091	364.599126	381.530975	393.536564	183.605302	195.987115	219.108255
3567	-0.949041691585805	6.13292229060676	25.9706326508514	3.09937318976199e-06	2.24029539397398e-05	chr4	128726660	128728180	chr4:128726660-128728180	196.702715	188.362283	207.663567	327.790951	443.737011	396.480796	132.969722	130.060157	103.821583
2399	-0.586944584488484	7.52934315984255	25.9611226423715	3.11035380362749e-06	2.24486423838571e-05	chr18	12859160	12860880	chr18:12859160-12860880	453.227746	631.635382	510.75311	754.027978	788.22051	905.821417	523.233856	552.755261	538.216221
925	-0.659409126668264	6.95388844746035	25.6573472920288	3.483086807754e-06	2.50230053469254e-05	chr11	97024310	97026770	chr11:97024310-97026770	365.015475	356.460694	443.741742	630.099174	602.155337	641.091917	247.002673	237.920328	249.469133
90	-0.706060583970667	6.82229233867137	24.996456982435	4.46204130111472e-06	3.10090756826255e-05	chr1	75380740	75382300	chr1:75380740-75382300	295.054207	299.583655	321.795592	507.041294	539.119774	477.199861	271.291132	394.216665	358.386269
396	-1.09328633400615	5.55023753123124	24.7948316639397	4.81420543049645e-06	3.30156975448831e-05	chr10	77034720	77036220	chr10:77034720-77036220	129.27628	119.280714	144.441002	243.066138	310.201259	302.267445	50.223844	66.824037	48.40762
543	-0.657068333124979	7.13504985998335	24.7198986115828	4.95229446282686e-06	3.37661651394827e-05	chr10	117151660	117153160	chr10:117151660-117153160	419.76789	359.223804	375.073077	604.616423	532.484597	726.227248	464.364771	448.034636	371.549635
2394	-0.794634023540624	6.4751526002555	24.6665294105243	5.05313406007509e-06	3.43345014393337e-05	chr18	10324230	10325780	chr18:10324230-10325780	263.242067	270.914704	287.816569	458.68946	518.246251	476.831992	147.78994	132.190421	141.188936
4119	-0.861674927920445	6.35200906249331	24.4681117562044	5.44701711425377e-06	3.68408470953719e-05	chr5	144357700	144359400	chr5:144357700-144359400	185.549508	209.547272	243.89217	349.353086	343.3779	491.675285	205.835505	211.235558	254.776971
1593	-0.913480892404021	6.14153192958899	24.4040280820668	5.58089860077163e-06	3.75309060013079e-05	chr14	63177240	63178820	chr14:63177240-63178820	168.819652	208.626228	179.012191	354.145132	356.648344	359.188097	153.141601	166.835745	201.273778
1177	-0.627874023581699	7.14619471391735	24.3923596999417	5.60563922620623e-06	3.76411998420394e-05	chr12	76214440	76217780	chr12:76214440-76217780	379.717555	401.593873	411.064929	592.419463	687.861418	598.155762	459.42479	398.253054	402.122984
1906	-0.68760607127977	6.86793917681705	24.2123938545643	6.00190232535196e-06	3.98615632453759e-05	chr15	101221060	101222580	chr15:101221060-101222580	351.327357	370.967658	387.623005	574.341775	620.955295	628.088378	207.070524	252.720232	156.687776
733	-0.618615776443412	7.12089897394843	24.1351984642702	6.18063954776013e-06	4.0864363160331e-05	chr11	60113740	60116150	chr11:60113740-60116150	349.553009	418.748985	430.481591	604.398455	575.890443	696.172131	371.944791	426.956052	386.411816
2572	-0.529520791062635	7.73172644401342	24.064455840639	6.34926382324243e-06	4.18852331273473e-05	chr19	6515480	6517600	chr19:6515480-6517600	599.233874	854.077572	696.395336	1049.149378	985.06848	1132.276433	400.967442	375.156283	373.885228
2312	-0.820972313926436	6.4166623880576	23.8001766031657	7.02240866651068e-06	4.58128565386649e-05	chr17	56327340	56329150	chr17:56327340-56329150	230.289236	191.125574	244.957724	431.028868	387.198573	381.023864	264.49863	259.111117	216.772733
4838	-1.0906742108653	5.58658326825149	23.6079319903029	7.55808327809186e-06	4.89036919531377e-05	chr7	80400660	80402160	chr7:80400660-80402160	109.504602	129.412703	121.709333	215.187587	291.954172	277.242056	128.441325	95.526942	85.77492
2953	-0.649433554213539	6.90051731076064	23.5836821413044	7.62858992539595e-06	4.92613304192415e-05	chr2	130292720	130294460	chr2:130292720-130294460	383.266228	385.474908	412.012021	608.972649	674.038115	605.025924	203.365479	177.599369	173.248316
3568	-0.799538201528478	6.5969695598528	23.5244831314347	7.80357969981462e-06	5.02414076629595e-05	chr4	128729200	128730700	chr4:128729200-128730700	286.435755	198.033757	254.784508	475.242394	449.543094	388.13898	348.273717	297.792778	256.050802
3154	-0.661253608120502	6.9201913560082	22.9459736393435	9.7484673955012e-06	6.11589152576119e-05	chr3	32509580	32511220	chr3:32509580-32511220	297.589013	364.290078	390.70102	599.824457	519.766625	573.86681	243.297592	367.531781	346.284351
3306	-0.895524170366481	6.1930240711566	22.9291572969367	9.81197031881346e-06	6.13612708578875e-05	chr3	108409760	108411340	chr3:108409760-108411340	234.218226	215.534323	282.725536	402.932249	502.072575	482.842993	17.290166	44.399867	24.62844
4492	-0.586488318519072	7.3700136231975	22.7025958475869	1.07104265447686e-05	6.64159187107706e-05	chr6	136467720	136469220	chr6:136467720-136469220	460.832384	474.820314	494.414539	735.733202	618.74336	838.596143	542.581984	459.69519	435.243953
1700	-0.853271847659406	6.23452643266028	22.6441593543524	1.09556708569509e-05	6.77939674561954e-05	chr15	37789940	37791440	chr15:37789940-37791440	250.441173	211.389449	239.630004	478.291625	385.954584	429.357244	93.860973	113.017722	74.734572
5748	-1.00573909089431	5.82503234459347	22.5547717201703	1.13420910992858e-05	7.00380069873089e-05	chr9	106371230	106372730	chr9:106371230-106372730	162.482581	162.802154	180.906467	338.027449	321.813134	377.343657	30.463655	76.914872	61.783391
136	-1.16611452450842	5.22389302604368	22.4596826578213	1.1768645682844e-05	7.2368571730307e-05	chr1	92833440	92834940	chr1:92833440-92834940	71.482175	105.464456	96.136183	187.309006	247.165668	189.407816	88.920939	79.381567	62.420364
3644	-0.886079441897898	6.05866555561292	22.2942808803656	1.25505398188229e-05	7.67759398470256e-05	chr4	137278860	137280580	chr4:137278860-137280580	243.09013	184.217399	256.678776	429.722084	411.113427	448.24909	9.880098	13.454509	8.917195
5829	-0.780167644751492	6.48039857798506	22.1751190736034	1.31469660205814e-05	8.00918064397571e-05	chrX	7765160	7766730	chrX:7765160-7766730	176.804317	251.917286	260.940999	423.514707	368.536872	411.814968	238.769175	304.744378	296.178268
4982	-0.596849343631693	7.50050474905532	22.6976787174998	1.44545903239028e-05	8.71565932426934e-05	chr7	141212760	141214470	chr7:141212760-141214470	433.455865	754.485548	604.166191	815.99307	917.333051	1029.84385	279.730487	338.268444	342.038114
5370	-0.624532678766299	7.05138202869955	21.4268729374379	1.76259158150947e-05	0.000103938208274998	chr8	105707250	105711640	chr8:105707250-105711640	333.203387	481.843445	387.031044	670.828119	602.293384	616.066468	352.802169	321.898839	275.583726
351	-0.788592069352505	6.60448535190699	21.7021026445036	1.91797190894016e-05	0.000111869034807589	chr10	61275120	61276620	chr10:61275120-61276620	314.318884	260.206942	394.963278	535.355906	593.861009	573.621473	101.271069	55.163456	114.649649
2965	-0.580066143866845	7.08389038007897	21.1331159710437	1.97916390916243e-05	0.000114756442803896	chr2	132028500	132030920	chr2:132028500-132030920	353.862272	384.553845	446.583286	563.234412	619.849455	620.237134	356.507139	396.907646	410.190896
2388	-0.733008096673531	6.52682610722902	20.9746364680973	2.10724851309361e-05	0.000121510832718607	chr18	5333540	5335420	chr18:5333540-5335420	255.510824	271.950908	268.281484	468.272895	453.690121	426.658536	244.532628	192.847779	222.929847
1518	-0.576087620242973	7.27489274786193	20.9621549183409	2.1176934291013e-05	0.000121948504309245	chr14	30547460	30549090	chr14:30547460-30549090	363.11428	447.302547	578.474378	685.312006	704.449551	710.647293	362.270508	478.307256	413.9063
4330	-0.549560224935612	7.2800476458585	20.8491363140225	2.21474184537449e-05	0.000126916772481528	chr6	86471720	86474210	chr6:86471720-86474210	433.202373	518.226517	599.903576	773.303731	758.223592	776.155392	264.498557	299.138234	310.403248
3629	-0.810764792227212	6.3235335112053	20.8278815049557	2.23350087541678e-05	0.000127867382478914	chr4	134767980	134769480	chr4:134767980-134769480	174.903241	244.548567	213.109688	445.186088	299.14243	386.176118	231.359085	225.138522	222.505157
4531	-0.587060302140281	7.01067653209787	20.7146054505854	2.33628298094981e-05	0.000133233717722898	chr7	3305180	3306740	chr7:3305180-3306740	356.143568	362.908271	407.986727	507.041447	594.690736	625.144188	330.571826	375.604789	384.713163
1379	-0.916260118060307	5.96886129318762	20.6008674844856	2.44441096071036e-05	0.000138461778553315	chr13	59765340	59766840	chr13:59765340-59766840	174.396274	201.257433	216.424792	322.781366	363.283867	454.382628	34.580344	75.345201	50.955322
752	-0.80136451859508	6.40830318791708	20.3983084037859	2.64997362796767e-05	0.000147971513197702	chr11	61683790	61685290	chr11:61683790-61685290	192.140066	283.234289	237.025363	416.871439	430.742906	417.580625	137.086433	209.665877	264.118818
4749	-0.553289718687454	7.38346593981922	20.217457953556	2.84860035765074e-05	0.000157273708593444	chr7	44425840	44428900	chr7:44425840-44428900	487.1945	537.914623	625.595359	774.937478	904.062391	784.129107	249.472649	327.841218	396.178167
2861	-0.551854448556251	7.1683233634682	20.1794459355912	2.89227093145425e-05	0.000159386043565921	chr2	84743100	84745280	chr2:84743100-84745280	402.531117	411.72576	440.426636	616.813237	617.084594	641.827995	422.374004	409.016695	438.216221
2264	-0.528748983449857	7.36701150446976	19.9585390569172	3.16013457125723e-05	0.000172533389798669	chr17	45598740	45600240	chr17:45598740-45600240	519.133028	515.808597	479.260097	787.133502	721.591091	722.792437	383.677261	469.113506	441.6134
1959	-0.571735531848035	7.12266169260909	19.9165085183289	3.21393763393226e-05	0.000174822775637073	chr16	10785800	10789070	chr16:10785800-10789070	426.992058	458.81638	503.530876	615.833338	755.044193	733.955468	227.859966	220.205227	295.859697
3594	-0.814503169450261	6.19451164391944	19.6925332070121	3.51705311564222e-05	0.000189560474878758	chr4	133009420	133010920	chr4:133009420-133010920	225.092862	191.125553	194.640169	396.833718	297.483649	405.313315	146.554866	178.047779	191.931992
4879	-1.07256804540825	5.84213226999636	20.3804312792334	3.83779785283284e-05	0.000204416520352968	chr7	101322530	101324030	chr7:101322530-101324030	147.780563	112.142318	206.479612	250.906974	327.066092	421.015224	136.674751	80.054293	56.263252
2537	-0.829176239878321	6.21362480307759	19.4379304707009	3.89779282757874e-05	0.000207050473825666	chr19	4441140	4442640	chr19:4441140-4442640	264.129317	253.759451	190.377991	457.818074	474.978497	355.262418	59.280612	81.623935	100.636882
294	-0.781268900517584	6.38916511144876	19.393144134072	3.96905726896855e-05	0.000210267233556598	chr1	189727320	189728860	chr1:189727320-189728860	167.29872	239.022077	259.520303	293.160426	414.154687	457.817461	242.06266	213.477962	275.583705
1372	-0.805802168635788	6.49477560436725	19.9275471231144	4.08058990585841e-05	0.000215787748073715	chr13	55484630	55489000	chr13:55484630-55489000	230.542806	310.406277	315.165531	550.057343	493.640314	477.200014	63.1915	135.778277	158.386329
3033	-0.62298181879589	6.85554237134877	19.2168817218017	4.2628747426449e-05	0.000223819920756873	chr2	156718960	156721600	chr2:156718960-156721600	376.168647	269.187566	356.129927	500.507344	474.14881	602.326963	279.11298	335.913769	345.859691
5629	-0.822557428426476	6.36585302306534	19.6118679567073	4.28206933556734e-05	0.000224627519642273	chr9	56924000	56925880	chr9:56924000-56925880	243.850619	211.850002	318.243829	463.699016	404.201645	524.797374	148.613212	114.139001	70.063691
2220	-0.70464628083222	6.48905288730886	19.2025799574671	4.28768065816481e-05	0.000224641551721181	chr17	34930400	34931940	chr17:34930400-34931940	214.446586	260.667573	287.461334	428.63318	408.07223	427.3947	247.002655	231.865794	233.970172
2021	-0.589613223366428	7.03239203447902	19.1034357611226	4.46379877141351e-05	0.000232916196301125	chr16	36720900	36723720	chr16:36720900-36723720	298.602937	437.976769	477.839353	675.619667	570.084758	608.460556	269.23287	348.471407	311.252559
5635	-0.681913129368376	6.6412960739386	18.8455830738887	4.95775357981655e-05	0.000255745414524512	chr9	57642720	57644420	chr9:57642720-57644420	224.585872	340.34169	270.412544	485.261302	402.542817	478.917328	258.529448	320.665536	268.365029
2254	-0.545686946178966	7.21236029788232	18.6790583056801	5.30650578166526e-05	0.000271595356731451	chr17	36986860	36990240	chr17:36986860-36990240	401.517122	519.032159	463.632059	662.987653	614.87312	785.110457	304.63652	381.659299	396.178187
544	-0.602579774261027	6.84559486403908	18.6666395115992	5.33351069713902e-05	0.000272504002748014	chr10	117408840	117410340	chr10:117408840-117410340	392.898564	330.209559	376.020226	534.920166	633.120356	535.347354	198.425445	231.865784	263.694153
5473	-0.536085099360787	7.15482975212015	18.4695658724622	5.7816041791678e-05	0.000294377097834724	chr8	122280470	122281980	chr8:122280470-122281980	443.722032	429.687032	456.528182	726.149513	585.428694	655.321704	331.600989	374.147137	343.736514
3737	-0.692113249264695	6.56837599330987	18.467153211776	5.78732503217018e-05	0.000294413918519124	chr4	152272450	152275700	chr4:152272450-152275700	244.611048	355.654683	262.124912	438.542771	472.904855	512.652522	164.050911	230.296122	207.112481
2606	-0.876822727853858	5.89902072363332	18.4510083647318	5.82575837485461e-05	0.000295858125743694	chr19	10688060	10689560	chr19:10688060-10689560	125.727532	175.927669	157.701198	257.441027	308.542424	293.925763	187.721998	166.835735	141.401219
5487	-0.87539487649993	5.85407246395737	18.3783153355565	6.00210515580074e-05	0.000303245295650276	chr8	122676530	122678030	chr8:122676530-122678030	132.31811	209.086734	163.857682	319.078701	295.824659	330.482365	89.744265	111.67232	99.787683
2195	-0.753207765378343	6.26610657297871	18.1761665709693	6.52212251435835e-05	0.000326716188198002	chr17	31855200	31856760	chr17:31855200-31856760	177.691515	195.270475	241.524293	330.622291	361.072095	361.641461	204.600511	273.126231	206.157016
4777	-0.534951285322324	7.08560632876099	18.0485163986045	6.87430944078704e-05	0.000342031730706727	chr7	45459370	45462020	chr7:45459370-45462020	426.485224	454.556417	441.610685	626.940898	681.502684	647.225591	276.437104	265.950516	312.101756
4343	-0.891019605048453	5.73983785377175	18.0213888078609	6.95165650413232e-05	0.000344768550329017	chr6	88844040	88845540	chr6:88844040-88845540	174.903215	161.190227	144.441024	268.331067	335.636692	308.646473	81.510849	75.345202	62.420325
3073	-0.83318823385227	6.21940897478196	18.0683772308196	7.76449740709164e-05	0.000381102977161555	chr2	165810990	165812520	chr2:165810990-165812520	232.570571	260.207104	198.665551	451.175626	391.760396	417.580624	56.810581	149.12066	97.027508
4936	-0.588893204884383	7.23699983739501	18.161025606461	8.09657518206808e-05	0.000396483162074506	chr7	127749920	127751440	chr7:127749920-127751440	447.143932	522.486509	313.508033	590.459366	664.638213	727.699214	431.431165	427.40439	485.562327
5702	-0.735655743861562	6.4584132362602	17.6361955667112	8.15248647288335e-05	0.000398889516708935	chr9	77909940	77911480	chr9:77909940-77911480	182.507718	260.207016	288.882063	426.019407	328.44843	484.31495	181.135287	305.417031	233.120958
1000	-0.630909318787073	6.70327001345228	17.5162405620976	8.56878035504074e-05	0.000417524276853143	chr11	102946240	102947780	chr11:102946240-102947780	248.920331	286.918634	355.656396	523.59458	450.0959	426.903769	263.46943	343.986654	286.624091
3024	-0.542496757502224	7.00063871311009	17.3964527055795	9.00648438338711e-05	0.000435180014253051	chr2	156194080	156195580	chr2:156194080-156195580	424.330363	392.383154	490.152351	642.513619	685.649794	608.95104	219.832216	237.696082	187.261066
3581	-0.705038013287356	6.47367392759317	17.1398015926062	0.000100239556234507	0.000477175888611988	chr4	129512620	129514160	chr4:129512620-129514160	302.658643	247.772259	231.579192	441.265449	346.142573	521.117166	212.422228	179.841772	219.108188
1852	-0.562196205835157	6.91927451830905	16.9205073851973	0.000109874133454875	0.000516575036059591	chr15	89495440	89497120	chr15:89495440-89497120	437.511543	376.954651	458.185747	562.798696	667.679068	687.707771	187.72202	143.963162	144.585892
3989	-0.700422726396522	6.41595898444908	16.8358940129893	0.000113843485330841	0.000532263469907923	chr5	122983380	122984880	chr5:122983380-122984880	217.488398	229.350659	273.254006	377.66724	370.472111	444.078166	234.652527	283.889879	175.796105
4460	-0.515005923304912	7.1428071540492	16.7219643236375	0.000119423954405763	0.000555708148028714	chr6	125151960	125153460	chr6:125151960-125153460	446.129931	473.43866	567.81899	630.317326	813.932772	718.37603	200.072155	207.19925	234.819504
2281	-0.508831852403754	7.16713794752162	16.7174014236116	0.000119653263965204	0.000556104344403499	chr17	46810020	46813500	chr17:46810020-46813500	570.590467	461.003992	503.886262	770.363449	734.861759	727.453925	193.897038	192.175032	197.452107
3498	-0.85616103222149	5.7503959351265	16.5037027217829	0.000130919793551473	0.000604426727125179	chr4	109201620	109203120	chr4:109201620-109203120	121.164846	138.16308	157.227605	259.183409	247.718678	260.558509	175.371792	135.890417	140.551968
3070	-0.779403050321233	6.09791417656123	16.4414756452932	0.000134402905298556	0.000620021546682688	chr2	164912960	164914460	chr2:164912960-164914460	190.11219	218.758189	145.388174	290.546785	329.554274	356.24391	161.375047	206.750748	185.987136
1709	-0.553399295351948	6.97122390540204	16.4345997824511	0.000134793619230082	0.000621337410707678	chr15	57978500	57980000	chr15:57978500-57980000	312.797927	326.52522	457.002	557.136021	597.731535	475.973268	376.267355	391.077344	344.79817
3653	-0.737169567626599	6.2695029804527	16.3503926665069	0.000139675129427759	0.000638840207654447	chr4	137861240	137862780	chr4:137861240-137862780	240.301884	194.809899	209.321108	386.815089	299.142402	413.65503	160.551677	258.774813	188.110345
4472	-0.88183640991266	6.42148836782745	18.0076724782741	0.000141345035855595	0.000644975682591254	chr6	128032160	128033660	chr6:128032160-128033660	310.770139	243.166971	251.943068	500.071486	489.354947	531.421628	118.561278	104.945058	38.216552
3414	-0.592202538436641	6.73628955130324	16.2864131735281	0.0001435061906204	0.000653319141379271	chr4	43959060	43960580	chr4:43959060-43960580	319.895556	319.156544	293.854582	493.320161	439.866569	504.924195	276.231216	265.950516	339.278025
1778	-0.539505056647642	7.03271573864932	16.0954044245983	0.000155604383248998	0.000701350743473487	chr15	78983180	78984900	chr15:78983180-78984900	390.363811	423.930103	357.314073	497.240562	700.578891	542.707619	345.803773	361.701631	376.857575
5558	-0.5914478402615	6.76399581578867	15.9676090350018	0.000164284482162587	0.000735410246519604	chr9	21615060	21616740	chr9:21615060-21616740	271.73386	333.89403	339.55477	471.757616	473.319521	505.659983	237.945949	304.520279	385.562487
1839	-0.533233829469173	6.9895154903061	15.941039830379	0.0001661512292547	0.000742074974631871	chr15	88861140	88862700	chr15:88861140-88862700	327.246512	349.091949	433.796664	542.760676	551.561026	538.782131	309.576659	461.713612	380.042399
1270	-0.536439819608923	6.85212939059382	15.6612405341482	0.000187197386285105	0.000827291674872885	chr12	112674580	112676260	chr12:112674580-112676260	347.271675	407.35058	371.28444	544.28554	513.407908	610.178018	233.005717	243.077874	245.435162
2528	-0.568828690843987	6.73875221692662	15.6022250524213	0.000191978671110003	0.000844682593936328	chr19	4169070	4170620	chr19:4169070-4170620	293.660006	326.98581	298.235141	476.113456	435.719326	480.021426	283.229652	333.335136	336.942533
1093	-0.686479971416544	6.39201576802302	15.522119373799	0.000198671868696531	0.000871463870805112	chr11	120625540	120627040	chr11:120625540-120627040	182.507711	250.535679	284.14633	469.579468	377.107457	322.385871	200.072115	240.835481	233.970172
1850	-0.768619606885157	5.94089001871686	15.5109601957626	0.000199623273704606	0.000874985643894223	chr15	89454390	89456000	chr15:89454390-89456000	204.43399	183.756868	204.348559	320.058936	375.448421	334.775925	66.484824	91.826938	74.840735
82	-0.631063416125667	7.38412408711531	17.1077418681408	0.000232868949314894	0.00100198870820253	chr1	74802490	74803990	chr1:74802490-74803990	411.402804	647.98482	619.43898	823.942567	807.850469	1015.000662	157.670003	306.762449	297.02748
1151	-0.659821261885188	6.33291909063678	14.9910459169811	0.000249617994027247	0.00106173256520903	chr12	54655900	54657400	chr12:54655900-54657400	220.530173	212.771051	243.892192	321.474558	357.201541	413.655019	239.592544	227.829417	222.505238
4963	-0.514075245143203	7.024160920634	14.924459326027	0.000256899998393163	0.00108955931643925	chr7	138906560	138908800	chr7:138906560-138908800	336.118395	373.270445	454.160512	489.617368	650.261504	549.332237	397.673913	360.580464	369.851214
3423	-0.705686829647308	6.26958162372081	14.9220829048174	0.000257163919850644	0.00108967425912155	chr4	46506580	46508080	chr4:46506580-46508080	211.404793	245.009138	272.780416	401.625396	420.237062	387.648246	83.980901	177.599325	142.675069
1832	-0.60565343954697	6.64586255657696	14.8573688468002	0.000264460024281464	0.0011159985695144	chr15	86056940	86058640	chr15:86056940-86058640	338.65325	255.141059	321.558855	501.378414	426.872237	494.128951	181.135307	251.599039	280.679333
2472	-0.866989044394183	5.99758812129251	15.3305555952397	0.000265631474145863	0.00112013959498445	chr18	67389720	67391220	chr18:67389720-67391220	147.527094	222.90305	180.432918	374.182767	309.648343	340.050874	61.750631	121.538915	180.891666
1783	-0.689229091694219	6.18834792227149	14.5505761383204	0.00030208508536722	0.00124883034238477	chr15	79327560	79329100	chr15:79327560-79329100	174.396222	202.178545	255.258073	364.164019	350.012965	319.441768	181.135109	189.708409	184.288661
1780	-0.531535493923503	6.79898516573813	14.2330924688626	0.000346904177139785	0.00140418217719166	chr15	79025080	79026640	chr15:79025080-79026640	355.636616	347.24981	315.639148	487.003762	548.243278	469.348963	271.702787	292.635296	305.732315
1258	-0.516170582293264	6.92471608967624	14.0886839392156	0.000369520780326581	0.00148185630830762	chr12	111163760	111165440	chr12:111163760-111165440	397.714788	305.340255	429.771484	502.685187	533.037469	617.292969	331.395224	285.235259	304.033806
5366	-0.726089713819366	5.98590152916992	14.0775444530021	0.000371327738526495	0.00148606773618178	chr8	105634200	105635700	chr8:105634200-105635700	178.451989	192.046652	176.170716	301.001396	293.060036	330.237	164.668404	150.241846	138.428823
4335	-0.526280423303997	6.83195627018797	14.0443614991749	0.000376764912549024	0.00150476074564495	chr6	86792800	86794660	chr6:86792800-86794660	354.369344	317.774983	372.705244	491.359646	590.543544	450.947826	301.343242	288.374704	305.732407
4336	-0.811074328531484	5.67257192903134	13.9283518710983	0.000396431410666952	0.00157303086092329	chr6	86850500	86852000	chr6:86850500-86852000	174.396252	120.201856	142.073126	263.975093	286.977649	232.098242	113.62118	94.181493	114.649632
1248	-0.5172415229267	6.8771193701776	13.8931853481075	0.000402601006736371	0.00159497143959917	chr12	108757420	108758940	chr12:108757420-108758940	309.502666	338.269079	386.675748	473.064428	505.666749	528.967984	322.749898	434.804337	299.787543
2882	-0.771817796983669	5.84135131499843	13.7502876428668	0.000428713701885751	0.00168257989194468	chr2	92022760	92024260	chr2:92022760-92024260	176.424125	173.624971	127.392251	291.853581	298.589362	244.365584	149.84825	134.993424	140.127319
4100	-0.521401848066259	6.89742146939408	13.7466028536967	0.000429409827914471	0.00168418994423712	chr5	140703840	140705500	chr5:140703840-140705500	277.310447	318.696077	451.792693	444.314487	507.049115	575.583997	345.803681	356.544148	377.069984
4718	-0.60415034906914	6.57267219094714	13.5943867221302	0.000459215520067168	0.00177742354054907	chr7	34132760	34135240	chr7:34132760-34135240	233.457795	316.393383	359.208328	406.852852	572.019927	423.223488	211.187249	206.077983	166.878936
796	-0.659222464238731	6.21603589816545	13.5910292922835	0.000459896626880671	0.00177889102360737	chr11	69897380	69898880	chr11:69897380-69898880	249.934176	242.24585	225.422717	337.156253	429.084111	393.045958	101.271084	134.096467	140.127365
3504	-0.786641513046269	5.66446427631389	13.1485501231527	0.000559506340418389	0.00212785787695593	chr4	116219270	116220770	chr4:116219270-116220770	115.588174	137.241941	166.225515	200.159302	274.259915	261.049152	141.203125	114.587501	129.511642
739	-0.615726725985636	6.35412333629489	12.6438520748263	0.00070097254401155	0.00260860976422744	chr11	60219760	60221280	chr11:60219760-60221280	215.967511	240.633939	241.287641	354.362603	348.35437	388.384509	221.890679	191.726584	292.568938
3687	-0.68929289895723	6.1079893181945	12.4627831914308	0.000760378486159074	0.00279786987005816	chr4	146100700	146104960	chr4:146100700-146104960	215.460531	183.756792	187.536533	282.270576	410.837002	273.316606	183.605281	213.926458	146.072088
5661	-0.816444453283239	5.39656897140976	12.2102014991493	0.000852114468960798	0.00309864588681979	chr9	62980370	62981870	chr9:62980370-62981870	104.94191	125.728362	164.804957	202.555449	224.771475	281.167437	46.930491	78.036084	43.31207
4047	-0.541774422788616	6.62982680681282	11.7500313784574	0.00105000443774402	0.00373074556257542	chr5	135488880	135490640	chr5:135488880-135490640	298.602963	271.02985	356.840362	462.174136	486.590266	422.732895	181.958623	239.041495	299.999869
594	-0.504376525953472	7.13756399014581	11.9351162094268	0.00112659939353439	0.00395990276092548	chr10	128488240	128492500	chr10:128488240-128492500	452.213536	565.086877	366.548686	757.948838	620.402458	630.541684	295.579777	231.865803	355.413887
4993	-0.616177884869156	6.1988823787089	11.5631530603061	0.0011435004824373	0.00400259140941065	chr7	141480200	141481780	chr7:141480200-141481780	199.237564	207.244558	216.898325	280.963805	338.954293	355.752885	242.062495	199.126558	198.301414
4099	-0.6041576807409	6.34682565476101	11.5317113102037	0.00116006267128	0.0040522208660966	chr5	140700860	140702360	chr5:140700860-140702360	214.446599	250.535645	251.943013	371.568881	327.895483	412.183159	144.084868	274.92024	237.791829
1874	-0.64677702909665	6.08832064763759	11.328964623077	0.00127302862662317	0.00438305765016778	chr15	97832000	97833500	chr15:97832000-97833500	176.424167	192.046643	206.953188	299.258954	377.660402	238.967865	191.838723	205.853776	182.165544
1833	-0.666643542291649	5.94466966300371	11.2775107092217	0.00130347888238345	0.00447257522610282	chr15	86186060	86187590	chr15:86186060-86187590	231.810142	168.789281	210.268264	269.31115	340.889514	382.618708	85.010086	81.848169	91.61353
2742	-0.590112252979761	6.36617881212353	11.2137695336094	0.00134225448221685	0.0045785878139777	chr2	25581020	25582520	chr2:25581020-25582520	270.719849	279.089305	274.674799	379.40979	474.42539	413.164303	116.091263	191.950924	101.910728
3541	-0.813515488040214	5.24388584104926	11.1877455953725	0.0013584288013871	0.00462305261061319	chr4	123106350	123107850	chr4:123106350-123107850	128.769303	109.148785	147.282443	192.536229	254.353976	243.384126	32.110322	16.369645	12.95116
1202	-0.673463834672231	6.02222767836901	11.1083747600075	0.00140902320838874	0.00476769426801726	chr12	84616520	84618020	chr12:84616520-84618020	214.44649	150.137171	161.489866	232.611906	317.942377	310.118553	200.072059	161.005476	230.573116
4737	-0.780743289775737	5.492061663214	11.1088123017461	0.00140873898959834	0.00476769426801726	chr7	42643160	42644660	chr7:42643160-42644660	96.830432	176.388157	107.502045	168.578161	237.21277	263.993333	93.860992	111.6723	107.430973
1845	-0.638178288941194	6.08835658077771	11.0796579467656	0.00142780817850877	0.0048229460892174	chr15	89194700	89196200	chr15:89194700-89196200	177.945024	252.838352	190.377947	305.792862	331.766061	350.355524	177.841874	135.44192	142.250468
2773	-0.739524288438324	5.60917110603283	11.0767122593822	0.00142974976651804	0.00482545205266447	chr2	30391380	30392880	chr2:30391380-30392880	90.239927	134.478695	162.436971	207.782487	242.74221	204.619344	143.261502	143.96315	155.413957
4572	-0.50572422280683	6.67500572349765	10.7114092708686	0.00169317827880488	0.00559014261135694	chr7	13037600	13039100	chr7:13037600-13039100	279.338192	292.905673	332.924737	414.693663	492.672636	400.406347	226.419077	331.429066	354.564611
994	-0.519749180577225	6.56413578739922	10.7105696102316	0.00169383883233274	0.00559014261135694	chr11	102404080	102406780	chr11:102404080-102406780	249.427246	334.354546	284.14635	409.90195	401.989911	458.308219	217.362294	299.586759	232.271717
4000	-0.539899946924805	6.64760127014027	10.7393251914789	0.00173565456876557	0.0056962345763777	chr5	124247480	124249120	chr5:124247480-124249120	233.204314	320.308023	370.810943	432.335586	511.472681	419.05287	324.39679	210.787117	232.69632
5770	-0.511260524117531	6.56906259813052	10.5758679657262	0.00180336092352205	0.00587588451353341	chr9	107985860	107987360	chr9:107985860-107987360	250.441146	332.512368	360.865811	488.310762	395.354541	483.823999	179.488575	192.399268	205.520112
2598	-0.684534463611614	5.77388376074087	10.5740873599735	0.00180485708963297	0.00587750863185618	chr19	10102220	10103720	chr19:10102220-10103720	137.387772	154.282046	172.38212	280.963631	274.81289	201.675164	121.031269	165.490259	154.56472
2866	-0.519391919166755	6.46044349099897	10.301324763146	0.00205003695780674	0.00658852576019612	chr2	90580120	90582040	chr2:90580120-90582040	239.287978	281.852577	281.304777	382.676921	388.719211	400.897031	198.837087	257.429357	255.626249
4025	-0.648972110756782	5.9542769445227	9.97558083223641	0.0023889917801122	0.00748991515521075	chr5	130023510	130025120	chr5:130023510-130025120	181.367049	236.48907	159.121915	377.449547	296.515878	249.640524	134.616438	132.302544	107.961724
1751	-0.638327448373944	5.98081270995375	9.90351092816628	0.00247158466566356	0.00770375939969527	chr15	76379560	76381060	chr15:76379560-76381060	222.558089	191.586093	164.804835	248.293538	299.695199	378.325039	160.551713	117.054111	131.210161
4444	-0.551938891865142	6.40632972255244	9.81488465135401	0.00257725070839633	0.00796986032711956	chr6	124813460	124814970	chr6:124813460-124814970	270.212799	210.583488	253.955725	374.727103	450.787144	271.599028	219.42064	282.992932	252.229175
1006	-0.712510330062137	5.66260816996195	9.7969113187271	0.00259924829904474	0.00803253497997308	chr11	103267200	103268700	chr11:103267200-103268700	156.652462	175.467061	101.345502	229.126879	311.307201	187.445112	116.091189	122.884402	132.059386
3785	-0.54046147194797	6.39760000945601	9.79499217742693	0.00260160868134249	0.00803253497997308	chr5	24602300	24605740	chr5:24602300-24605740	224.839323	293.826758	263.308883	332.582524	451.75478	375.135593	179.900139	186.569055	259.023221
3535	-0.636572671936607	6.18003431880854	9.93303771591058	0.00265185488835037	0.00816200477913898	chr4	120856480	120859000	chr4:120856480-120859000	243.343639	265.963868	285.330209	403.368012	397.84284	458.553699	24.700244	79.3815	29.723976
3393	-0.607055636924022	6.25223931919131	9.81496616499263	0.00268512849016483	0.00824236044492714	chr4	40142400	40143900	chr4:40142400-40143900	130.79717	210.007844	303.089303	328.879844	366.048557	294.416389	188.545327	240.835462	269.638968
5396	-0.535757543411171	6.34165065059908	9.71254264718545	0.00270515521104621	0.00829139924467911	chr8	110720230	110721730	chr8:110720230-110721730	211.404781	290.833194	285.567014	395.527052	343.930796	423.468965	178.25355	191.278014	145.647547
2259	-0.584012797834535	6.32365216029997	9.69806456422352	0.00285495747430115	0.00867382902584224	chr17	37053200	37054700	chr17:37053200-37054700	265.65015	256.062217	296.932822	446.928074	346.695581	457.817522	163.021694	75.345191	115.074292
918	-0.640806290921611	5.76447619670488	9.37110449800579	0.00318194137955841	0.00947665149998917	chr11	96915540	96917040	chr11:96915540-96917040	144.485252	168.558793	147.756096	229.127068	283.107126	220.812264	135.85146	149.344914	172.399112
1499	-0.50664901532236	6.49782395445496	9.31316362556381	0.00327118775897177	0.00969832264121928	chr14	21830330	21831840	chr14:21830330-21831840	234.978664	324.337772	263.545664	356.649592	455.210741	380.655909	198.219642	264.15661	279.193095
527	-0.515604907937295	6.38956897785376	9.18298274193244	0.00348137100189862	0.0102098176710727	chr10	94514640	94516140	chr10:94514640-94516140	250.948125	205.862934	295.512133	372.439958	317.389617	405.803985	197.602077	265.502008	249.681459
2199	-0.678882757636772	5.53844319451236	8.99097747115935	0.00381747225732009	0.0110347051363457	chr17	32349740	32351240	chr17:32349740-32351240	146.006119	150.137164	110.817079	186.873433	258.777534	222.284389	101.27105	137.235885	93.418217
2757	-0.653554371502936	5.64402642922962	8.79761650981366	0.00419036473340942	0.0119599993432727	chr2	28206060	28207560	chr2:28206060-28207560	134.345947	140.005175	138.28453	159.866113	249.930389	254.179422	123.50131	150.241861	170.700535
1973	-0.633322740609424	5.62576449197732	8.51909515197177	0.00479575610015135	0.0134532377076151	chr16	18250320	18251820	chr16:18250320-18251820	155.131564	146.913306	157.701136	243.93733	267.624693	215.414639	107.03446	82.072431	116.772818
2925	-0.529696822602896	6.2291702466658	8.4088889972723	0.00505995905055884	0.0140737576802843	chr2	119207980	119209500	chr2:119207980-119209500	227.881186	194.809886	230.158496	328.444362	312.412964	320.66861	157.670029	270.659577	247.982965
1520	-0.575063269837771	6.03843710625162	8.30443912229491	0.00532444292744062	0.0147328761322464	chr14	30625720	30627220	chr14:30625720-30627220	151.075826	216.91595	241.524317	370.697763	236.106875	314.534812	128.441355	191.502316	149.469154
422	-0.599542799459096	6.37673722871221	8.52108377624059	0.00553591613746429	0.0151754685741285	chr10	79703600	79705100	chr10:79703600-79705100	136.880842	290.142415	298.353648	360.243569	366.048488	387.157495	148.201581	237.696039	317.622026
1928	-0.592064922808874	5.84602077220249	8.18333168917679	0.00564932404151392	0.015433040490645	chr15	102519800	102521300	chr15:102519800-102521300	132.318063	206.784033	179.485738	235.225263	285.871745	275.279268	163.021725	142.617721	126.114627
671	-0.726962339068518	5.9242789969884	8.46231263621019	0.00609897297407077	0.0165495392861589	chr11	33143220	33144720	chr11:33143220-33144720	172.368391	222.442503	197.481749	274.429576	375.448601	350.846056	27.170264	96.872397	121.019043
395	-0.508636695954829	6.16900495213117	7.75879628348632	0.00696212299605903	0.0186681231542029	chr10	76961580	76963120	chr10:76961580-76963120	290.491467	215.534312	229.684963	374.400494	359.413208	337.106682	115.267883	138.581286	116.34815
3831	-0.539061678173786	5.9862233984438	7.20119528935324	0.00919091968057159	0.0236413484598915	chr5	36529740	36531340	chr5:36529740-36531340	154.878071	208.165731	211.688941	221.939475	268.73044	361.641476	132.558003	185.896267	187.048755
3477	-0.501927939300546	6.12034417806395	7.1163808638365	0.00959079506936291	0.0244797979868357	chr4	101353150	101354760	chr4:101353150-101354760	247.272639	226.932792	212.162573	310.47568	354.713209	329.255764	169.196843	118.511692	138.2165
2122	-0.564517410501456	5.78744270152821	7.04318363717008	0.0099506070271551	0.0252886220867	chr17	24220260	24221760	chr17:24220260-24221760	173.382297	182.835758	137.810928	231.304917	256.012817	261.539929	145.731518	110.326866	175.79609
3321	-0.566112915512771	5.27393781433685	5.7880808283152	0.0189318346431045	0.0436050532554164	chr3	121967000	121968500	chr3:121967000-121968500	124.713565	131.254871	106.554846	160.301727	190.765486	198.73116	76.570764	80.726985	98.089128
