regionID	logFC	logCPM	F	PValue	FDR	V1	V2	V3	V4	DMSO1	DMSO2	DMSO3	PDsiNanog1	PDsiNanog2	PDsiNanog3	t2i1	t2i2	t2i3
2076	1.64778718876821	9.36634519542351	672.880877825178	1.97720254149487e-36	2.91192504298657e-33	chr17	6478180	6480540	chr17:6478180-6480540	1413.67481	1555.025138	1463.590332	421.881055	426.595808	440.888548	4631.710291	5293.894124	5177.279932
5235	2.05907100724557	8.47624092874279	616.473806902779	2.75709963851133e-35	2.70701232841171e-32	chr8	72329260	72331000	chr8:72329260-72331000	593.657106	592.25868	557.873905	522.722814	518.660894	521.117199	2482.37603	2692.244347	2729.934658
1823	3.0742879841902	7.36959236980583	539.935993271101	1.4283797473973e-33	9.34953899101944e-31	chr15	85027220	85028720	chr15:85027220-85028720	138.908648	133.557656	158.17476	304.485997	240.530407	297.360534	1187.258866	1453.085489	1302.759638
3584	1.59245369955866	8.84552286829293	444.578687460205	4.20037550225923e-31	1.76745800598637e-28	chr4	129976080	129977580	chr4:129976080-129977580	880.093493	819.767161	905.006086	999.272994	999.721348	1261.574231	2751.608992	2969.854949	2809.340305
5055	3.04955106403939	7.09331219175568	445.629230828114	3.92330860714667e-31	1.76745800598637e-28	chr8	13977520	13979020	chr8:13977520-13979020	115.588224	127.109981	152.965411	149.411682	101.18866	113.350234	1057.993971	1241.850058	1255.625554
3585	1.76963332325487	8.88568439289963	499.850321044231	1.1969844279986e-30	4.40714704083735e-28	chr4	129978320	129979860	chr4:129978320-129979860	836.494083	674.23557	867.119319	1309.856796	1072.157014	1245.381887	2879.226247	3078.837017	2840.762882
4167	2.68045905827198	7.47413622986017	425.868465545006	1.45073349325469e-30	4.74792833820187e-28	chr6	29990360	29991860	chr6:29990360-29991860	204.307229	209.54721	220.213368	204.297533	160.353576	198.731036	1712.55108	1444.115457	1239.914616
354	1.51272091740127	8.77222136161063	386.679502420511	2.28494918858271e-29	6.40982650949558e-27	chr10	61407360	61409020	chr10:61407360-61409020	926.734219	841.412467	933.65793	942.644728	760.849745	906.311808	2643.750762	2959.988886	2774.94594
717	1.93447296858858	8.0493619428556	382.060614761857	3.21207696434557e-29	8.60106608952716e-27	chr11	54957970	54959600	chr11:54957970-54959600	413.050562	381.905659	414.261592	705.894675	642.93484	705.985995	1768.74392	1748.859731	1496.283643
2457	1.88931284399084	8.04536361695486	375.513784703826	5.23688242240937e-29	1.34132497175711e-26	chr18	61038800	61040640	chr18:61038800-61040640	429.400125	449.260071	435.454037	486.785862	617.084859	568.714252	1715.844542	1857.842016	1715.922566
2753	2.13781594577726	7.73855461577605	355.596937812834	2.42577401249043e-28	5.49624411830042e-26	chr2	26610540	26612040	chr2:26610540-26612040	303.672557	361.526522	346.184868	345.868449	267.071694	260.06775	1635.980217	1514.527454	1672.185707
5332	2.53978542219281	7.34262879269076	348.838101465196	4.14926198600529e-28	9.05307494798413e-26	chr8	94919390	94920890	chr8:94919390-94920890	157.666422	233.265217	197.481663	293.160384	285.042335	221.303015	1297.99851	1203.280428	1204.24588
905	1.36497405946127	9.05967754087294	349.983510404328	1.03072056531611e-27	2.16856244652758e-25	chr11	95580080	95581800	chr11:95580080-95581800	1147.51742	1137.542593	984.329814	1397.849301	1329.276008	1474.044548	3103.587854	3128.842797	2929.511139
4608	1.83601285703137	7.57827797383902	267.445873668762	5.88096346389821e-25	6.53674637091025e-23	chr7	19621700	19623380	chr7:19621700-19623380	341.694996	322.380389	330.793604	361.767805	387.060287	374.153974	1274.532738	1247.903951	1334.606696
3021	1.71846491460175	7.80976196716254	251.928902996912	2.86646365151039e-24	2.59789805708427e-22	chr2	155589530	155591130	chr2:155589530-155591130	443.088151	468.372709	378.861757	361.114348	326.236637	423.959683	1537.17934	1522.151892	1560.508603
147	2.15481809290479	7.13229001139853	251.283984822901	3.06663138029589e-24	2.73720082747319e-22	chr1	118625920	118628480	chr1:118625920-118628480	198.730643	183.066027	202.217442	286.626349	290.018879	399.670244	844.748526	978.590707	1005.307029
5107	2.12692140969889	7.15984048367721	246.282654452892	5.20057827452141e-24	4.50538332576554e-22	chr8	34807460	34809120	chr8:34807460-34809120	193.661011	159.348049	222.581216	402.932195	383.742769	372.927426	769.824252	941.36613	1020.381483
5411	2.25218265855339	6.94582435212925	242.335261733939	7.93819202166849e-24	6.68055559994987e-22	chr8	111936640	111938140	chr8:111936640-111938140	206.335166	140.465789	191.325124	184.259833	158.141855	195.786755	852.98193	915.802617	1019.108125
32	1.89649932488835	7.33402845526939	239.746329512952	1.05067802520924e-23	8.71766795282765e-22	chr1	39526760	39528260	chr1:39526760-39528260	281.872898	296.589859	316.82309	177.290213	175.835999	197.258921	1099.984386	1169.195531	1349.043361
178	1.25208662620853	8.54203833321908	227.299301493264	4.18451931900293e-23	3.08137541353079e-21	chr1	132884120	132887120	chr1:132884120-132887120	889.725419	730.422067	942.655139	789.31253	846.832397	808.663667	2284.773547	2109.664714	2216.771501
5513	1.21204748200802	8.51239573086845	217.864057736341	1.24136038569811e-22	8.03610333203026e-21	chr8	124234860	124236400	chr8:124234860-124236400	927.241199	779.699866	1018.190835	617.249099	604.367112	618.765196	2341.584769	2234.791507	2260.083971
2189	1.53453693925625	7.81868219807441	212.219801729573	2.42104138007166e-22	1.53358653440884e-20	chr17	31299680	31301180	chr17:31299680-31301180	505.951993	387.777607	497.729488	410.773057	409.731055	466.159263	1403.798308	1566.103106	1410.190884
3714	1.11641136812909	8.66035323077604	207.983630508426	4.03315735089737e-22	2.44941545918932e-20	chr4	149944580	149946080	chr4:149944580-149946080	1046.884544	954.246015	1048.499767	758.384092	749.791003	881.286707	2367.108453	2579.674996	2235.667456
5433	2.61691393252451	6.79951865434201	236.388847568572	4.48595146142022e-22	2.6966061284925e-20	chr8	119907420	119908920	chr8:119907420-119908920	67.426443	106.385493	170.014163	293.160427	286.977663	285.5839	710.543748	806.82137	756.262524
3919	1.24136761083301	8.20942587932669	199.35223324467	1.16980303406124e-21	6.73463395402349e-20	chr5	110800620	110802120	chr5:110800620-110802120	704.682836	801.115025	713.207191	450.412781	429.084176	448.003707	1795.708264	1982.295419	1926.113875
4887	2.39240929498162	7.18147522047029	255.828383581546	1.17750347524091e-21	6.73463395402349e-20	chr7	105403860	105405360	chr7:105403860-105405360	247.399364	175.006547	202.217388	162.479674	99.529814	110.406076	1310.760363	1087.123074	1160.933761
763	1.49486701257537	7.65686938374686	196.731431075433	1.62753760860556e-21	8.96058322644424e-20	chr11	63926410	63927910	chr11:63926410-63927910	409.121538	390.540658	412.012245	440.39456	449.266258	482.352388	1162.14704	1298.358723	1251.591665
2515	2.13091591125402	6.74683820874446	195.609108424963	1.87667172368903e-21	1.00504301129565e-19	chr19	3575080	3579330	chr19:3575080-3579330	180.22646	138.968965	159.358649	212.138329	190.489014	191.002503	715.689678	780.136363	785.562059
1824	1.37315185229444	7.88808881247477	185.705193991553	6.77806641292155e-21	3.35542766710259e-19	chr15	85033320	85034880	chr15:85033320-85034880	519.640089	452.483899	587.708936	496.151428	442.354806	515.71934	1441.260253	1525.291626	1413.163035
2145	1.60299046036895	7.80399101825868	202.482182476201	8.15685973051621e-21	3.97124468367529e-19	chr17	26510740	26512270	chr17:26510740-26512270	495.812679	502.913457	358.616249	386.814848	354.713186	387.28029	1483.250004	1454.094703	1557.748168
1167	2.374715461971	6.51035338503025	180.78150347603	1.30810142188533e-20	6.21453667445683e-19	chr12	70112800	70114720	chr12:70112800-70114720	109.758048	98.786542	100.398363	283.794979	200.71846	298.341905	558.22586	559.258301	625.052887
5622	1.56645720892704	7.4831268391668	177.246878753583	2.11435651020766e-20	9.80761748160106e-19	chr9	50727280	50728980	chr9:50727280-50728980	371.099073	297.511112	346.184835	443.007598	420.237031	429.111952	1113.981453	1113.13491	1036.941904
4822	1.15570278017178	8.48955614625214	179.739202531513	2.88389148888448e-20	1.32726599695457e-18	chr7	79298320	79299820	chr7:79298320-79299820	952.081843	852.005415	799.398181	786.262737	793.473403	694.331939	2139.041842	2038.355849	2130.784307
1354	2.1283453182678	6.60762135100767	168.403787332674	7.25375395096992e-20	3.26197439123388e-18	chr13	51846930	51848920	chr13:51846930-51848920	115.588208	131.024625	135.443031	246.87776	284.489441	305.70229	516.029593	710.509483	591.931629
2609	1.52368180536182	7.36201488118259	160.439469651917	2.29318824135467e-19	9.71882872648948e-18	chr19	11807540	11809040	chr19:11807540-11809040	340.174101	289.681882	353.525383	350.660024	348.354411	376.362317	986.363715	1022.541128	1059.872372
4351	1.1308876677017	8.18797273902916	159.583214554727	2.60155326489592e-19	1.08693264421999e-17	chr6	91109960	91112760	chr6:91109960-91112760	645.114248	734.566978	753.461375	576.084455	646.667269	665.626435	1706.376052	1596.824414	1755.625
3380	2.21451280646283	6.39730751265675	152.98458409996	6.99281644818618e-19	2.71017642738584e-17	chr4	32241310	32244360	chr4:32241310-32244360	116.348628	142.998728	133.075208	65.558163	107.409249	91.269037	569.34074	747.397056	666.135633
4291	1.7463945263545	6.88346723443949	150.001381388804	1.10429995898164e-18	4.1173614293423e-17	chr6	72358100	72360760	chr6:72358100-72360760	204.3073	259.746521	230.15848	124.146677	183.024258	158.494069	771.471182	903.693757	856.899969
3531	1.47827846669411	7.61590696078239	153.925220395306	3.75998472460719e-18	1.28779476817796e-16	chr4	120270220	120271900	chr4:120270220-120271900	463.366827	395.146274	466.94707	333.889152	248.271637	214.678509	1247.773986	1484.030902	1283.863632
2821	1.98204787743065	6.55996852772907	141.617239692972	4.12979787076154e-18	1.39020795752321e-16	chr2	35579320	35582180	chr2:35579320-35582180	125.727529	157.045313	148.229633	255.263105	191.871362	209.035544	573.869206	597.828285	676.433127
279	1.57182131334408	7.90962908681426	180.826397444972	4.45619396909163e-18	1.49155901544993e-16	chr1	180884880	180886400	chr1:180884880-180886400	568.562368	457.089276	472.630123	407.288159	444.566576	319.196346	1821.232126	1561.170214	1451.591443
4388	2.54804875253532	6.60844195531829	175.161223067121	5.05732360232831e-18	1.67374681692787e-16	chr6	114973940	114975440	chr6:114973940-114975440	85.677214	193.888799	93.768301	113.6922	91.23567	104.517759	764.884622	877.233416	735.880758
3274	1.33696580616238	7.60575033925363	139.410550545383	5.89628770300687e-18	1.9405045172298e-16	chr3	96329980	96331480	chr3:96329980-96331480	433.962836	554.494249	429.534413	268.33102	261.542269	239.458534	1318.993253	1345.449513	1228.024464
4189	1.13444851097704	8.13436124443244	138.123312139139	7.27054451953864e-18	2.29041592324076e-16	chr6	37434980	37436480	chr6:37434980-37436480	728.003211	754.370095	656.851733	462.174379	482.166608	564.29825	1861.576172	1564.309116	1669.214049
1860	1.79600378030097	6.77235861915599	137.803578981362	7.66049721913031e-18	2.40042495307961e-16	chr15	93520790	93523700	chr15:93520790-93523700	134.599474	210.928908	221.278895	229.88915	211.224456	271.353674	711.984865	706.697119	707.748771
3136	1.53541930398475	7.05211813083436	135.733311044612	1.07658721446656e-17	3.32051061802224e-16	chr3	9610760	9612400	chr3:9610760-9612400	258.045691	288.300257	251.232666	263.757207	301.907051	253.688802	786.702892	883.735743	845.222521
4113	1.16948922985096	7.89299154791051	135.399731463649	1.1376425733326e-17	3.4905481247408e-16	chr5	142958030	142960920	chr5:142958030-142960920	481.617661	569.922213	664.428803	511.94175	521.149199	482.474838	1294.49879	1384.355021	1498.725403
3840	1.13887308985459	7.97676413007613	135.151082929987	1.18546580995687e-17	3.61843475982171e-16	chr5	38687250	38689780	chr5:38687250-38689780	527.498036	709.236978	710.48407	394.873492	423.554659	453.523874	1385.684224	1674.63637	1590.763699
5618	2.59959648475373	5.81518787321881	134.699857821602	1.27761173431948e-17	3.8596978086544e-16	chr9	48837400	48840320	chr9:48837400-48840320	59.314965	63.094412	95.6626	37.026204	44.51194	26.742816	429.784557	491.985883	509.341636
2631	1.88284199886177	6.61119150763398	128.200180824542	3.82868354179142e-17	1.08960264467117e-15	chr19	24032050	24033550	chr19:24032050-24033550	130.797195	151.979337	202.927802	186.873399	256.012738	180.33001	658.261563	660.167071	615.923326
5519	1.01396176671148	8.27555659699787	126.767281706055	4.90112340311444e-17	1.35551727548109e-15	chr8	125664760	125666630	chr8:125664760-125666630	804.682046	810.671464	716.522305	792.905965	640.861374	740.211823	1682.704306	1798.080368	1643.948218
907	1.22596800348046	7.73435079655272	126.350930737867	5.26754944001846e-17	1.44617983065568e-15	chr11	95587680	95589440	chr11:95587680-95589440	444.609131	474.359752	541.298535	531.870941	508.708021	425.922506	1290.588732	1127.486352	1274.945805
1873	1.46167753086143	7.03930913832273	125.011729196948	6.64957083666418e-17	1.80518994464464e-15	chr15	97828340	97830170	chr15:97828340-97830170	250.567951	264.23683	261.532915	296.536273	323.610063	369.737925	757.680199	779.015091	784.925448
620	1.19561325487724	7.75708176946658	124.258255309527	7.58645103526515e-17	2.0407206871574e-15	chr11	5049440	5050940	chr11:5049440-5050940	460.832151	582.587428	497.255884	469.579857	426.8723	465.668333	1374.157288	1237.36495	1212.313464
4379	1.26251195947583	7.58213729629211	123.31469112865	8.95466935365739e-17	2.38696638743872e-15	chr6	113396100	113398830	chr6:113396100-113398830	504.177679	448.339106	462.921673	267.242029	320.430742	279.695546	1339.988356	1219.089697	1125.477078
2437	2.36421340184345	6.0272136205919	118.577095918637	2.08536937091352e-16	5.18350673588672e-15	chr18	44658800	44660300	chr18:44658800-44660300	83.142355	75.529113	73.878035	147.669225	191.87138	148.189527	548.345325	330.083633	415.710985
3826	1.53261978205454	7.26190707370445	127.31362153582	2.59400261567672e-16	6.42070143233258e-15	chr5	35576460	35577960	chr5:35576460-35577960	342.201953	309.48518	392.595484	158.559254	116.118119	210.507652	1211.959552	1045.414257	1008.067113
1756	1.53478511267769	6.97797510608316	116.716729284614	2.9238846078237e-16	7.11760505152454e-15	chr15	76579210	76580710	chr15:76579210-76580710	268.184978	234.877172	278.226627	252.431533	182.747812	254.424855	901.970385	681.02155	865.179773
4862	1.39045245315822	7.20437051378398	116.737617160564	2.91275441150263e-16	7.11760505152454e-15	chr7	99266550	99268060	chr7:99266550-99268060	254.496938	330.785291	330.556855	394.982726	343.239651	330.727852	824.577024	828.348553	947.769821
4863	1.21640251983103	7.58719974273458	116.214134099121	3.20532956594429e-16	7.77061583250116e-15	chr7	99268560	99270130	chr7:99268560-99270130	431.934991	437.28606	528.748838	318.643136	379.181059	379.429222	968.249554	1367.98572	1195.434432
3703	1.0520450520207	7.861154222346	115.237139601402	3.83511131845395e-16	9.18400031585862e-15	chr4	148092320	148093820	chr4:148092320-148093820	547.016459	602.390807	628.910308	476.549305	473.319528	508.358839	1264.653036	1453.085816	1284.924891
3900	3.22898336541968	4.93078239112762	113.744574418936	5.05380482924954e-16	1.17675748020194e-14	chr5	107286640	107288140	chr5:107286640-107288140	28.897031	20.724431	25.573182	37.897417	18.247133	37.783421	247.825813	302.726186	219.532747
3137	1.6437253587714	6.71549017549827	111.606732270851	7.53414830729388e-16	1.71365512271306e-14	chr3	9616500	9618000	chr3:9616500-9618000	243.343657	233.956076	175.697166	124.582302	149.847655	120.710625	760.767697	709.948771	752.441457
969	2.03154752969077	6.10759853238736	110.02379907854	1.01578858588782e-15	2.20000388215631e-14	chr11	100357540	100359040	chr11:100357540-100359040	117.109114	90.727078	125.024301	117.612645	106.718059	108.933961	461.894667	513.513288	502.759851
5585	1.05205522708936	7.79681412410839	109.520205428812	1.11772695717356e-15	2.40311295792316e-14	chr9	35111340	35112860	chr9:35111340-35112860	599.487371	577.291152	573.738702	392.913409	402.54291	428.375902	1253.538146	1327.509817	1365.179777
4368	1.42072596690143	6.95052346997458	108.384400904316	1.38820075213038e-15	2.93114359526885e-14	chr6	97143840	97145340	chr6:97143840-97145340	271.733728	227.047916	308.298639	217.365561	236.10684	247.800423	824.988662	818.482084	695.96592
2524	1.18375909222785	7.59332137835442	108.052315742217	1.47940540716366e-15	3.11256330485755e-14	chr19	4145860	4147360	chr19:4145860-4147360	409.628507	381.329879	517.619875	446.492427	565.108176	466.159325	966.602389	1139.59562	1116.346779
2974	1.5542323437124	6.8369302389043	107.971069364594	1.50264488445241e-15	3.12794382131066e-14	chr2	144325680	144327400	chr2:144325680-144327400	253.736545	210.007773	224.238792	247.422255	202.377318	220.812294	870.272371	634.827852	682.16527
2085	1.68985502397203	6.52010485696892	107.861323675892	1.534634844624e-15	3.17211714725614e-14	chr17	13003840	13005340	chr17:13003840-13005340	171.354498	192.046633	170.487757	132.858748	149.294768	167.817373	624.093004	636.397536	611.040123
1240	2.2041647659891	5.79199819977993	101.360078044327	5.47858559744798e-15	1.04110799208278e-13	chr12	105337920	105339420	chr12:105337920-105339420	93.788638	84.739975	77.193058	44.431431	72.988542	63.299467	408.377525	437.271199	438.640976
5054	2.18943943095422	5.77513928255438	96.8745721553	1.3577174040381e-14	2.43851013024038e-13	chr8	13975850	13977350	chr8:13975850-13977350	81.368039	84.049168	78.376988	64.686956	81.006173	98.629441	321.103063	394.441088	497.239893
5246	1.80665521766533	6.57909901363953	103.783348198539	1.63436309733918e-14	2.91758575952276e-13	chr8	78070240	78071800	chr8:78070240-78071800	231.683445	164.414017	148.466433	155.510077	89.023898	108.933996	689.548729	678.779546	711.252435
211	1.20200398439029	7.31798557114823	95.7395977072355	1.71508156715451e-14	3.04003216814212e-13	chr1	136954720	136956420	chr1:136954720-136956420	385.294126	376.724632	403.487737	260.925853	293.059922	336.125261	1055.52427	933.293451	915.073889
2914	1.34675419148871	6.82081078165611	94.4146732704535	2.25767324553654e-14	3.95831937186184e-13	chr2	116062500	116064000	chr2:116062500-116064000	270.71977	300.274285	309.245885	73.181231	79.070876	66.243636	712.190857	863.778491	857.324363
1817	1.44087186066825	6.72798156407915	90.640107609171	5.00401755315899e-14	8.44660957182224e-13	chr15	84168720	84172040	chr15:84168720-84172040	191.633082	246.620975	184.458318	280.310194	248.54806	295.888467	594.041211	645.143299	600.4243
2482	1.1314515707856	7.38222550063591	90.5824835619815	5.06595214267834e-14	8.52672116357661e-13	chr18	75343650	75345580	chr18:75343650-75345580	510.894896	464.803438	437.822088	144.837796	121.0946	151.378912	1094.632534	1174.353029	1102.865982
3833	1.63470401679192	6.38287162159551	86.8671876094533	1.13080193561791e-13	1.8102049463927e-12	chr5	37028660	37031820	chr5:37028660-37031820	137.1343	154.051766	144.914593	251.995978	212.606752	212.225125	474.656551	431.664943	563.057224
2895	1.44162855090804	6.6741207050113	86.8246379000752	1.14137946944103e-13	1.8221860310236e-12	chr2	102183100	102185200	chr2:102183100-102185200	204.307292	228.429622	179.012158	250.035753	254.354024	239.949275	537.642061	600.967618	672.611102
5726	1.59599031530973	6.65308794525826	90.2926317837958	1.24603412688221e-13	1.97322232297396e-12	chr9	96484540	96486040	chr9:96484540-96486040	268.184945	149.216071	209.321107	121.968655	175.283064	145.245363	709.720933	667.343145	683.651632
3679	1.11785835597861	7.3778775665013	85.9094635314807	1.39533214653379e-13	2.19783467252154e-12	chr4	142234380	142235880	chr4:142234380-142235880	417.739908	364.289902	410.591381	412.080207	339.507262	408.748166	861.215674	916.25158	1035.668351
5460	1.67053309957703	6.31664619871622	83.2055009317227	2.54458218444238e-13	3.87341954742896e-12	chr8	121588600	121590120	chr8:121588600-121590120	191.379635	122.734818	151.307904	138.085957	106.441614	151.133665	493.593538	536.609906	584.92537
2779	1.4781028260454	6.51614165274739	82.2997705941259	3.1195995896899e-13	4.71219517509312e-12	chr2	30803060	30804560	chr2:30803060-30804560	193.154012	190.665004	250.995855	96.703761	91.788582	113.350183	542.58234	646.712897	728.662105
3587	1.02750991903439	7.42981382265855	79.8247690355137	5.47925681991423e-13	7.98967869458286e-12	chr4	129985700	129987230	chr4:129985700-129987230	436.497631	410.459339	445.162503	380.171953	378.213218	441.747361	937.786217	978.702157	943.417533
871	1.01942705995704	7.68854365996176	79.8043447434371	8.29407549613124e-13	1.18881748777881e-11	chr11	84061380	84062880	chr11:84061380-84062880	482.124675	619.891596	470.735825	390.735639	451.201836	527.496247	1198.786116	1062.008206	1199.575096
5278	1.08229753695707	7.26805770094834	77.3490120559628	9.72050935945402e-13	1.36341715801294e-11	chr8	84149620	84151130	chr8:84149620-84151130	348.919364	352.776247	396.147278	393.24034	396.875069	372.436756	830.545967	765.896839	921.443457
1595	1.57967876560265	6.2924475290591	76.4716345294483	1.19391563789415e-12	1.65881061859303e-11	chr14	63494180	63495680	chr14:63494180-63495680	168.819633	154.742575	144.914604	126.324703	134.918195	177.631215	555.755834	492.43475	472.61114
2144	1.04950164608644	7.31527840288086	75.8302727622829	1.38866090007126e-12	1.89805136016701e-11	chr17	26508060	26510100	chr17:26508060-26510100	389.349682	376.263948	408.933845	386.161472	385.401589	355.507759	795.348149	882.166151	964.118451
1428	1.45386263552034	6.48951568172226	75.0782854039311	1.65929847566868e-12	2.23682547372178e-11	chr13	96675000	96676500	chr13:96675000-96676500	176.424276	214.152673	215.004	99.752967	150.953565	139.847814	641.383363	545.803856	606.793559
948	1.75303479552507	6.27355516386929	78.6828297393464	2.01933022468563e-12	2.69137428815001e-11	chr11	97982820	97984320	chr11:97982820-97984320	182.50772	151.979322	125.971538	62.291158	64.694374	125.617544	596.922909	600.967539	494.692019
4675	1.11030360847772	7.03033717963463	73.1841035960036	2.60968071987692e-12	3.43929063105032e-11	chr7	28288730	28292120	chr7:28288730-28292120	285.168332	331.015654	295.630536	308.950969	348.354399	342.872415	677.610375	767.242634	695.434867
3362	1.3096994007991	7.52378123159237	91.1623816699578	2.73893995120454e-12	3.58557672278799e-11	chr4	6455340	6456940	chr4:6455340-6456940	400.24985	323.071269	437.348607	479.816355	592.755148	365.812394	1171.203922	918.493792	1018.683311
5512	1.56178235019409	6.33983374840108	72.5380999851076	3.04989066189857e-12	3.96620439056169e-11	chr8	124230100	124231600	chr8:124230100-124231600	196.195764	134.018174	146.335365	157.688034	150.953581	192.351903	591.159356	500.95574	436.517847
1316	1.73070755373423	6.02363076310676	72.4634930090785	3.1054415267881e-12	4.02069363391399e-11	chr13	28951600	28953240	chr13:28951600-28953240	105.702374	113.293685	146.808895	109.554062	117.77694	108.933948	303.813252	525.397975	492.780978
3245	1.37097588475489	6.58295812503591	70.4114395074491	5.12207420909420e-12	6.47513716003733e-11	chr3	89832560	89834400	chr3:89832560-89834400	261.087487	201.027264	264.729614	61.855557	83.217946	74.585441	801.111621	632.361044	598.725716
818	1.60225055783772	6.16914315953943	69.3229522249571	6.70013020427469e-12	8.20591830215846e-11	chr11	74647800	74650020	chr11:74647800-74650020	152.089755	104.082839	174.749955	118.483878	111.141604	154.568595	439.664529	451.174227	526.963647
3916	1.18711097152982	6.87454620686745	68.6624031483962	7.89466606295456e-12	9.58917067564233e-11	chr5	110448000	110449660	chr5:110448000-110449660	232.697341	270.339044	334.345415	242.630495	223.389184	279.204799	554.932076	849.875669	666.241501
1207	1.34979394534536	6.5581296802938	68.4538635414661	8.31576761059907e-12	1.00385629086146e-10	chr12	85746550	85748420	chr12:85746550-85748420	201.772451	167.5227	217.371931	226.622135	265.827545	216.273297	442.134581	613.973411	571.867879
3020	2.3144844095977	7.08484411366152	141.16748267967	1.98727945427152e-11	2.24703709503139e-10	chr2	155081700	155083200	chr2:155081700-155083200	230.16253	150.597734	219.739742	188.180204	94.55336	138.375633	1305.819996	948.541822	973.247773
2327	1.07758855148421	6.86706411637685	63.0833521830858	3.26444363631425e-11	3.50927690903782e-10	chr17	56832880	56834380	chr17:56832880-56834380	297.082021	324.683125	313.508077	194.278702	181.365465	169.289341	671.847007	713.98502	758.386215
1136	1.82229074126147	5.58649179256323	59.7857895816477	7.78363760076962e-11	7.85161114831058e-10	chr12	27340540	27342040	chr12:27340540-27342040	49.175645	78.752944	107.97559	94.090121	127.729932	125.126882	307.929985	295.550285	295.116615
341	1.4422930078136	6.24141226846856	59.1170830894173	9.31000629826654e-11	9.29580459374376e-10	chr10	56377940	56379960	chr10:56377940-56379960	136.880818	157.505895	175.223548	143.748806	132.706434	215.414577	392.734139	435.925604	555.838314
1222	1.09661495936674	7.41010623916227	66.2954450458396	9.51064350037694e-11	9.46405419944604e-10	chr12	100517540	100519360	chr12:100517540-100519360	486.68732	441.200622	426.693015	273.122601	328.448431	180.084596	1076.107236	1056.626227	1016.559832
2721	1.1077083318987	6.83392367270164	57.3347353254515	1.50778270196914e-10	1.46573397645218e-09	chr2	18045820	18047320	chr2:18045820-18047320	254.496896	246.851341	296.93281	314.504967	223.389183	333.67198	681.727004	628.324803	550.742665
2028	1.02831398634672	6.9166565551415	55.8907364190272	2.24016398981743e-10	2.11148897024231e-09	chr16	49854600	49856180	chr16:49854600-49856180	305.70048	242.706461	352.814926	297.516477	260.436362	292.944246	582.926078	717.124801	695.540715
3880	1.22006967815438	6.49144522330497	54.3849157518184	3.40280671142539e-10	3.10308581068219e-09	chr5	88675540	88677080	chr5:88675540-88677080	179.466049	190.204426	228.26426	196.02123	256.012745	226.209876	523.645606	545.355285	438.641032
5617	1.22118982388098	6.56564604468184	54.1305363247735	3.65375615634982e-10	3.31652966364511e-09	chr9	48835460	48836960	chr9:48835460-48836960	255.510824	178.230379	245.786506	158.123656	220.624407	157.022015	607.626381	562.397848	547.770398
3463	1.08188299737738	6.77917372204838	53.847909352025	3.95505796600086e-10	3.56803161986387e-09	chr4	91368540	91370060	chr4:91368540-91370060	285.928871	295.438611	269.4654	185.784388	228.918588	180.82073	744.712776	619.57947	587.685559
5562	1.0055173453965	7.24262652973729	55.5955869830102	4.78059426573186e-10	4.28001228258759e-09	chr9	21761580	21763320	chr9:21761580-21763320	407.600593	372.579645	459.370051	287.497535	288.636466	191.370674	1016.827415	866.469787	806.36918
33	1.09442838964593	6.67908156355268	52.2935777846481	6.13657024457108e-10	5.45256942847183e-09	chr1	39533080	39536320	chr1:39533080-39536320	260.326995	268.496799	278.226529	155.945643	164.500696	181.066016	653.733279	523.604082	688.110041
5040	1.10060419011275	6.75975526920374	51.9722448791905	6.72494415319984e-10	5.92177070351274e-09	chr8	12394440	12398180	chr8:12394440-12398180	274.268602	227.969032	281.304808	299.694509	259.330513	187.445024	610.096216	588.858377	623.354165
3918	1.6062236451766	5.70583752648279	49.5543418737886	1.35064721819304e-09	1.14649319342582e-08	chr5	110782630	110784130	chr5:110782630-110784130	121.925314	73.226405	115.079279	63.815745	94.000415	118.257162	379.972397	310.574527	332.483969
4623	1.08761926083554	6.80301393317619	48.3213837023083	3.90957280458678e-09	3.05860470010899e-08	chr7	24500940	24502440	chr7:24500940-24502440	200.758499	356.921105	317.296648	187.744614	213.436275	178.612581	501.415272	766.905978	752.865855
1340	1.42405983888858	6.0847982055103	45.9043647011071	5.6999655054094e-09	4.30493548620087e-08	chr13	43615040	43616560	chr13:43615040-43616560	78.326196	182.37521	139.705192	215.187541	153.718301	164.382406	412.494441	381.210732	366.878795
2467	1.25299027503066	6.1746196258627	44.4224286402694	6.24879601845853e-09	4.66560929591118e-08	chr18	66290790	66292440	chr18:66290790-66292440	192.773848	142.192805	180.432878	144.9467	119.435796	118.011833	356.301338	463.170776	519.745162
3621	1.10791463199768	6.30505270877642	41.475066526218	1.55827676378306e-08	1.09413687907581e-07	chr4	134016920	134020140	chr4:134016920-134020140	186.563404	201.25739	194.16666	147.669192	173.071338	178.612543	457.778212	459.246742	444.585648
5812	1.24927836705526	6.17420223730224	41.3688175303431	1.61125094820702e-08	1.12730158383463e-07	chr9	118481580	118483080	chr9:118481580-118483080	177.945013	197.573112	155.806859	128.938328	73.54145	124.145517	354.036793	491.986023	534.606699
5621	1.48498020750692	6.10479828767111	44.3261674240856	1.99339409105948e-08	1.36547495237575e-07	chr9	49795900	49797520	chr9:49795900-49797520	121.671776	200.336412	76.719495	173.805353	166.988922	163.401047	314.516591	409.913791	499.787495
1601	1.09309623182155	6.29888171772386	39.5933405857202	2.83166136116245e-08	1.88489458515344e-07	chr14	63511900	63513400	chr14:63511900-63513400	206.335133	186.520131	224.475528	150.718432	115.56515	123.654734	484.948237	475.392199	467.090971
3349	1.29121280180161	6.20005845502516	40.4891141838485	3.46541055877168e-08	2.26830373352488e-07	chr3	148987010	148988510	chr3:148987010-148988510	91.507266	223.593844	174.749884	164.439921	164.500631	158.984699	363.505612	407.895443	526.751425
2072	1.5753303870764	8.90193521763867	136.443015554418	8.67389248852414e-08	5.30611637070568e-07	chr17	6266720	6268860	chr17:6266720-6268860	1080.851297	1059.249705	1194.361754	347.61074	381.531001	218.849415	3258.787828	3858.749145	3677.704951
2834	1.03229818567348	6.3552594357736	35.6214451689275	1.03753220159586e-07	6.2817083243589e-07	chr2	58567740	58569380	chr2:58567740-58569380	233.204318	173.624871	204.822082	161.608518	207.906711	185.482233	464.776383	459.919539	435.03168
2424	1.15143048251803	6.01799169545519	33.0183526650978	2.50320080927545e-07	1.41539296670447e-06	chr18	36279840	36281340	chr18:36279840-36281340	114.067275	192.967709	159.121959	119.355086	145.977064	145.736088	338.393557	456.107352	330.785372
5724	1.25987746242909	5.68340000115698	33.0179497207565	2.50354688729597e-07	1.41539296670447e-06	chr9	95637160	95638660	chr9:95637160-95638660	128.515858	101.319557	107.028418	117.612683	97.870975	148.680136	250.295995	326.047244	304.458429
4328	1.36665160918932	5.53061300805598	32.9810065781889	2.53548701077386e-07	1.43070440425947e-06	chr6	85961260	85962760	chr6:85961260-85962760	80.607571	111.912024	89.979631	109.336176	142.659426	94.213172	338.393539	224.241582	223.779049
3178	1.11893376734742	6.15602810674041	31.846618761651	3.75150120418269e-07	2.04441198832935e-06	chr3	58416420	58417920	chr3:58416420-58417920	147.020134	165.795625	201.743898	102.802214	199.059615	176.64973	300.519678	443.549704	470.488016
3715	1.13640910966904	5.8503693208879	30.6412922027068	5.71923071721079e-07	3.02170297355056e-06	chr4	149952600	149954100	chr4:149952600-149954100	120.150949	163.95346	148.703215	95.39697	100.082745	118.257113	285.699647	350.71375	397.876782
2683	1.10234051276179	5.90185071671022	28.5407652811737	1.20917613047724e-06	6.07268251035073e-06	chr19	46499080	46500620	chr19:46499080-46500620	147.527039	135.39978	140.17881	146.362475	175.835977	105.989882	316.163211	332.77465	338.853351
2008	1.03610883726034	5.89018191283892	25.4323613951356	3.78866880429901e-06	1.70864549393516e-05	chr16	31429280	31430780	chr16:31429280-31430780	164.256939	114.67531	154.386124	151.589621	149.294694	123.654848	284.052875	319.768436	363.057192
3346	1.19507761264233	5.75202992444965	25.8833740519752	4.12305544574373e-06	1.84286188398151e-05	chr3	145939440	145940940	chr3:145939440-145940940	114.067271	103.622265	162.910458	159.43049	67.459088	111.387403	326.043498	239.489981	373.24824
5402	1.04345657450283	5.92776460296293	24.6730334191744	5.04073229588177e-06	2.20616299814558e-05	chr8	111535320	111536820	chr8:111535320-111536820	98.858302	181.454076	163.384098	138.52161	166.988891	136.903564	380.383916	330.532021	275.159134
