regionID	logFC	logCPM	F	PValue	FDR	V1	V2	V3	V4	DMSO1	DMSO2	DMSO3	PDsiNanog1	PDsiNanog2	PDsiNanog3	t2i1	t2i2	t2i3
22462	3.51791544177937	5.99346540585962	452.311361688848	3.67213290328132e-14	2.00544354474117e-10	chr8	87780410	87781410	chr8:87780410-87781410	250.654786	228.202982	200.313278	1064.38872	1132.21882	750.96465	2371.014812	2515.208888	2222.700224
14671	3.62878673424225	4.36386286499906	241.732355800892	7.61577666844285e-12	7.37236472953993e-09	chr4	41684115	41685115	chr4:41684115-41685115	49.720085	68.005608	79.922966	370.873842	299.97683	338.112187	741.271745	750.25606	754.402635
12300	1.80304052863193	6.24637352601351	191.186790625546	5.3394439604189e-11	3.35971162599458e-08	chr2	91975730	91976730	chr2:91975730-91976730	867.429874	858.748642	921.306224	644.737014	569.682977	744.736455	2628.465936	2807.546518	3029.535181
22463	3.54397358063427	6.10219094509502	263.964135928572	6.73499714103554e-11	3.85257143278917e-08	chr8	87782130	87783130	chr8:87782130-87783130	256.407458	311.00476	183.114674	1240.42598	935.877762	688.384392	2446.080853	3015.052308	2528.24488
7322	2.86932456168466	4.28047690649938	159.20115694976	2.38045657314832e-10	9.87765257177169e-08	chr15	28001460	28002460	chr15:28001460-28002460	124.094664	77.39549	106.56396	321.551104	285.892406	294.810072	659.169324	748.46156	652.21148
18659	2.29810834308712	4.99105054051156	120.632995736113	2.17889959755386e-09	4.92224819056055e-07	chr6	48445230	48446230	chr6:48445230-48446230	264.214754	233.893794	326.773744	344.986274	275.802088	270.489816	1002.827914	1536.075574	1174.47455
21552	2.09836592285331	4.73747744548052	120.552473025809	2.19036035338226e-09	4.92224819056055e-07	chr8	8660020	8661020	chr8:8660020-8661020	272.843796	293.647728	280.573496	137.340464	145.468796	144.142626	937.146142	1329.872738	1048.637842
2198	1.78503433410919	5.8288459407405	115.144550014554	3.13812554842526e-09	6.21917180537915e-07	chr10	94514740	94515740	chr10:94514740-94515740	700.18934	719.89216	580.03172	382.591504	500.311722	594.958718	2189.801914	2082.902518	2026.543694
9240	1.92806048442406	4.9810231245592	107.029853756228	5.5389184325472e-09	9.54856424854661e-07	chr17	15368360	15369360	chr17:15368360-15369360	363.24389	301.61487	364.880412	245.250932	233.759088	322.096314	1253.828864	1177.17844	1156.38072
7308	2.8407130627557	3.77404961652897	103.450728489601	7.20189320124654e-09	1.16195160244983e-06	chr15	27918170	27919170	chr15:27918170-27919170	83.82556	65.16018	69.806096	225.630796	253.098873	166.980112	530.736492	379.124808	528.842584
5357	1.52179887897506	5.40847872778667	91.0037762188449	1.91535935058584e-08	2.46968748584785e-06	chr12	112803620	112804620	chr12:112803620-112804620	525.96374	454.129366	596.892952	570.07224	484.335382	494.711696	1430.936864	1312.906948	1407.23163
819	3.87971802483269	4.85433516474011	126.690090956064	2.54964566209232e-08	3.1000981482706e-06	chr1	133182130	133183130	chr1:133182130-133183130	111.767489	114.385982	55.642596	359.156398	330.458052	148.591488	1386.366256	922.689136	1492.356236
3416	1.00363689725792	6.272098620098	80.7153741383569	4.70159374986443e-08	5.02010600431165e-06	chr11	84957410	84958410	chr11:84957410-84958410	1398.73541	1206.175002	1256.510628	803.877748	822.36156	799.902	2336.415066	2227.112916	2526.188576
24816	1.72503637684013	5.4833231127536	80.58599410579	4.75781531134314e-08	5.03148964584855e-06	chrX	7922220	7923220	chrX:7922220-7923220	548.97472	508.76172	413.44122	416.381408	750.047182	560.55432	1441.492646	1419.923218	1587.34993
16805	2.66858688709391	3.6093029339598	75.1722224032032	7.94000999907738e-08	7.56977695707495e-06	chr5	34994930	34995930	chr5:34994930-34995930	69.854659	86.785372	79.92292	158.595622	156.399974	131.982472	405.82316	605.22924	362.705242
12129	2.94148313272938	5.15706866354608	96.5100186136632	1.20481061585743e-07	1.03142443505156e-05	chr2	69585570	69586570	chr2:69585570-69586570	148.749294	201.740562	358.810378	170.585678	148.411798	87.790611	1691.906653	1738.361721	1579.12504
18939	2.03544806883678	3.79802157661665	67.3111876659928	1.76729947365798e-07	1.39877863058169e-05	chr6	83442220	83443220	chr6:83442220-83443220	122.451078	143.40937	125.448708	147.150524	181.62577	172.615256	513.72966	495.276586	458.93324
10700	2.37407845519706	4.36868112209723	69.4505750797391	1.95156121827551e-07	1.51601371304865e-05	chr18	77565050	77566050	chr18:77565050-77566050	232.574672	181.253526	83.969648	259.42094	202.226838	207.019664	665.03335	879.29555	806.83413
6179	1.44738740115482	5.08463163047448	66.0674117671094	2.01956507266164e-07	1.55921574582272e-05	chr13	107888995	107889995	chr13:107888995-107889995	509.733174	467.218552	331.832105	454.804555	404.87424	389.273752	1032.150562	1038.025124	1192.979314
15297	1.62465009740563	4.64356776527701	63.1077270229462	2.79727017251503e-07	2.00429580266371e-05	chr4	118541775	118542775	chr4:118541775-118542775	319.276621	333.341358	225.60542	298.116047	354.21234	268.561989	832.17161	684.83885	963.307516
11394	1.82275475437915	4.51463029330684	62.1285629574146	3.12391583322537e-07	2.16944132002167e-05	chr19	47015360	47016360	chr19:47015360-47016360	242.43655	289.095026	158.497088	393.49112	304.391334	271.676166	810.47282	770.321204	644.809122
2426	1.6856895835733	4.18456998930485	61.89151355061	3.20923177193291e-07	2.20691678873714e-05	chr10	127542290	127543290	chr10:127542290-127543290	242.025661	202.309564	183.789082	209.825814	216.941895	202.570835	610.49395	507.34846	734.8687
1902	2.36665218647458	4.00780161236975	61.4971825838263	3.35695488849222e-07	2.28973435199081e-05	chr10	76064760	76065760	chr10:76064760-76065760	106.01463	121.784102	125.448672	316.10086	259.825776	122.7882	471.50546	673.419736	522.262526
12459	1.33372111610279	5.35592209392843	59.3728845768395	4.29499391687927e-07	2.757670966682e-05	chr2	105687225	105688225	chr2:105687225-105688225	591.70936	552.296448	546.477768	380.683992	557.06983	505.388593	1474.626621	1193.981502	1229.167846
509	1.36549417457856	5.59214585066496	57.5923408690908	5.3087930345473e-07	3.23838851363851e-05	chr1	89921825	89922825	chr1:89921825-89922825	465.354731	706.518829	729.760485	651.005015	696.65266	524.222285	1413.342854	1597.577088	1480.429457
14681	1.7760577547022	3.88203856380193	55.9780193002788	6.46203837497466e-07	3.71171294078084e-05	chr4	42667875	42668875	chr4:42667875-42668875	172.171123	163.896361	137.420316	196.200609	196.971464	159.26874	455.67121	454.166643	576.339543
7507	1.99882599007618	4.02846318126686	55.7871444278034	6.61590845857302e-07	3.75882167028949e-05	chr15	73486940	73487940	chr15:73486940-73487940	171.760134	162.758218	163.892632	140.610496	201.80641	123.3814	553.60824	805.232616	457.288322
15433	1.34644968584356	5.71561714469085	55.7365477176753	6.65737618119283e-07	3.76538204729084e-05	chr4	124662890	124663890	chr4:124662890-124663890	561.71334	603.79893	878.81544	771.723044	666.802038	733.16914	1766.384992	1621.557908	1376.388496
500	2.07761341686782	4.93801935782038	60.6583241974442	8.17999269163497e-07	4.41807373510216e-05	chr1	88701250	88702250	chr1:88701250-88702250	251.887466	218.81313	421.197422	310.651174	339.287016	242.610452	1046.811552	1514.867581	883.73477
5620	1.48649558050302	4.66224817186374	53.655563677714	8.64152273427977e-07	4.62757406143098e-05	chr13	43776590	43777590	chr13:43776590-43777590	353.382047	363.076048	284.957492	321.006236	264.870906	198.418631	871.463086	928.888282	760.77694
2083	1.72478654197279	3.83632485375908	52.6649731596733	9.81078822128943e-07	5.13363261417118e-05	chr10	81475385	81476385	chr10:81475385-81476385	165.18564	153.226042	147.70572	204.3758	187.301571	161.493213	514.31628	441.605336	453.998405
3837	1.34909932825798	5.34867306699002	49.6437121283795	1.46154734402495e-06	7.02576545611144e-05	chr11	102605250	102606250	chr11:102605250-102606250	704.29873	553.719454	735.49386	116.630428	151.354817	186.258442	1720.055748	1299.203931	1638.753735
24817	2.45304628972876	3.22054905029769	48.8763791276525	1.62195880609313e-06	7.59584530891523e-05	chrX	7924205	7925205	chrX:7924205-7925205	82.387435	67.863351	54.630876	117.720484	108.470942	115.670065	351.869882	348.292371	325.489031
1701	1.66780995210467	3.82543423538695	48.6901962842127	1.66377143049728e-06	7.71187166375433e-05	chr10	59911270	59912270	chr10:59911270-59912270	168.061977	151.376502	146.019576	182.575682	212.737588	193.079847	486.16671	396.090682	472.503745
19701	1.19368961354339	5.38841453923519	48.3453303062691	1.74442561765381e-06	7.98257886303186e-05	chr6	128034150	128035150	chr6:128034150-128035150	796.75319	738.67213	537.2037	312.831136	325.833258	236.678693	1437.387744	1345.859586	1550.74997
14300	1.32405367560345	5.35692486988622	47.7755936026659	1.88737328938412e-06	8.46761110882512e-05	chr3	121723030	121724030	chr3:121723030-121724030	715.393451	618.31055	540.23904	419.106758	248.474139	269.599984	1544.120906	1223.18279	1526.487318
7329	1.42537156479639	4.42753966331696	45.2264419332633	2.70843274188616e-06	0.000112304025832838	chr15	28022200	28023200	chr15:28022200-28023200	203.811124	276.006078	321.040864	334.631076	258.144032	300.741992	652.1314	649.92816	671.95078
8304	1.37137622901976	5.97240225425856	49.3154473998821	2.9475019665177e-06	0.000119847620347793	chr15	101078470	101079470	chr15:101078470-101079470	984.127572	954.070328	872.408498	659.452288	469.620334	295.106696	2358.699412	2074.419212	2219.41147
2200	2.15265787950424	3.48008251847666	44.2543468738098	3.12070019299315e-06	0.000124872660027734	chr10	94584700	94585700	chr10:94584700-94585700	101.08375	117.800532	87.679176	139.520548	79.04086	122.788236	443.355862	338.014766	468.802744
20057	1.23747385734856	4.84507212648676	43.8277179381134	3.32330509869473e-06	0.000130084395068503	chr7	27367180	27368180	chr7:27367180-27368180	399.403952	396.082976	396.579796	473.061748	315.322508	367.77114	770.594224	811.7577	995.177636
3015	1.85641458490486	4.12419094721507	42.8046109623605	3.8715077877484e-06	0.000146309278543303	chr11	62664295	62665295	chr11:62664295-62665295	231.136459	233.040151	127.303414	192.113231	166.490285	87.197426	716.05461	630.351875	607.18174
10982	2.20720886511077	3.88550759875274	43.5893458534417	3.95834438341181e-06	0.000148725898096088	chr19	10240115	10241115	chr19:10240115-10241115	159.638312	125.767668	125.448712	206.283317	91.02311	80.969038	449.22034	763.30647	518.561939
8052	1.35696710021905	5.17960289460042	42.1934774471232	4.24657598100691e-06	0.00015671857898235	chr15	89138250	89139250	chr15:89138250-89139250	452.411193	349.987118	623.196726	415.836398	501.152544	505.388416	1257.347268	1128.23865	960.634536
11755	1.41409576802267	4.1206140016062	42.105433671577	4.30386838541693e-06	0.000157986997710238	chr2	27425405	27426405	chr2:27425405-27426405	230.314655	207.2891	247.52516	179.85068	244.690264	191.893626	498.189075	558.735915	617.462432
10262	1.11055055657692	5.48795886427607	41.7392676685786	4.55154339982467e-06	0.000164831360906744	chr18	36725235	36726235	chr18:36725235-36726235	836.611565	724.30244	540.238734	514.481407	481.813147	501.088146	1443.838343	1132.806004	1575.423188
17541	1.63224544782407	4.02106175501832	41.6330194037572	4.62634804658232e-06	0.000166525503099855	chr5	113611260	113612260	chr5:113611260-113612260	212.851096	184.383442	170.637196	259.420952	203.488132	130.499576	466.81376	546.17466	598.751642
1707	1.40151027222808	4.36075000174592	41.5386754914122	4.69391901454077e-06	0.000168292375608229	chr10	59967595	59968595	chr10:59967595-59968595	250.860166	244.706393	329.808732	239.255924	258.774674	196.935647	565.630545	795.607075	635.556796
11969	1.49063471369946	4.05038552021001	41.4247388094959	4.77699050703872e-06	0.000170541949037812	chr2	34898875	34899875	chr2:34898875-34899875	256.202072	227.491585	172.997827	155.325588	195.71018	147.553503	480.30219	595.278073	611.294455
829	1.483060282501	4.06245983539189	41.1649527793501	4.97258614058649e-06	0.000175522054876325	chr1	133297370	133298370	chr1:133297370-133298370	199.702075	235.316574	182.777478	200.015716	279.165546	173.504944	530.736652	503.107044	546.936376
19105	1.61697522103937	3.74916447958101	40.9653404901044	5.12893377435827e-06	0.000179791273212846	chr6	89122520	89123520	chr6:89122520-89123520	162.720212	148.531062	145.007908	159.140584	216.941898	171.428876	392.92122	438.50572	449.88616
21697	1.35793708195991	5.57677799431635	42.4074687119832	5.26433735238481e-06	0.000183515383410212	chr8	12430295	12431295	chr8:12430295-12431295	636.498245	494.534551	720.14991	568.436665	556.22894	832.52661	1297.518691	1772.783506	1267.618327
5618	1.99910625304239	3.91576068137166	40.7371043615404	5.31443858091466e-06	0.000184495316749022	chr13	43770690	43771690	chr13:43770690-43771690	196.003957	135.726697	124.437014	198.38073	180.364478	76.520196	633.36544	566.07676	463.86795
825	1.79879178501548	5.30528864543586	47.70564910559	5.39634338100862e-06	0.000186452465227927	chr1	133273690	133274690	chr1:133273690-133274690	557.603817	396.367514	261.01426	695.967684	629.80428	351.458726	1251.482458	1151.403512	1459.045807
9953	1.18451126634936	4.90168905488743	40.2598004155827	5.72699846956429e-06	0.000196112686367978	chr17	83210410	83211410	chr17:83210410-83211410	390.363914	410.59465	506.853372	305.201128	372.080552	416.708448	933.040626	906.37532	884.967502
12565	1.01930098825439	5.92472272453355	39.5605801684232	6.39722573563235e-06	0.000212136725349316	chr2	121299355	121300355	chr2:121299355-121300355	986.388178	952.07851	933.952191	803.606024	911.91345	555.215685	1681.935902	1534.443141	2125.03277
14915	1.51385967679039	4.22027256796684	39.3148349925699	6.65315177196389e-06	0.000219179550979789	chr4	62674080	62675080	chr4:62674080-62675080	275.309238	212.837684	256.967576	148.240556	209.374154	150.667688	799.917002	454.16642	698.269306
22774	1.64893742769782	4.6277794214224	40.241059895632	7.08922412550639e-06	0.000231125235770557	chr8	109007975	109008975	chr8:109007975-109008975	333.453003	274.725625	330.651777	210.370762	295.5623	114.780293	1063.232568	843.731908	786.272855
15296	1.90671125663224	3.72399860118928	38.7673909940556	7.26524677004985e-06	0.000235022379184545	chr4	118535350	118536350	chr4:118535350-118536350	111.767439	128.613164	170.299988	183.12065	105.527948	136.134699	507.8651	330.510572	580.65781
3381	1.15382050011271	4.97634155233425	38.7391396722933	7.29849323036164e-06	0.00023548478829714	chr11	83409670	83410670	chr11:83409670-83410670	362.832951	460.10495	534.16871	438.181524	470.04078	359.466644	854.45652	951.400874	964.335706
22776	1.42783669696628	4.29899919153875	37.9388522646244	8.31437328979581e-06	0.000257714853855752	chr8	109014600	109015600	chr8:109014600-109015600	289.280152	295.354958	246.176236	222.360856	178.262332	114.483718	579.41206	768.037478	695.802424
10858	1.4946607561603	4.17380380934599	37.6977197009515	8.65060525356769e-06	0.000266170028883918	chr19	3992220	3993220	chr19:3992220-3993220	194.771086	194.057862	256.967592	294.301116	300.187044	165.497132	578.23896	561.83532	528.01984
7075	1.42083513294067	4.09557438272579	36.7822170094241	1.00721651959981e-05	0.000302513515296033	chr14	73100545	73101545	chr14:73100545-73101545	269.967343	202.024972	204.360014	253.425956	189.193508	152.150551	520.473935	596.25708	537.889723
643	1.6204411813378	3.90851247663885	36.4666068536737	1.06210398804952e-05	0.000316730986673202	chr1	93176325	93177325	chr1:93176325-93177325	154.296539	138.145294	207.394985	235.440836	217.572532	187.14826	478.54288	579.94346	346.256064
16439	1.07886890782351	5.19030241229005	36.3449589638258	1.08414169034084e-05	0.000320267162020992	chr4	154240410	154241410	chr4:154240410-154241410	549.385586	491.973727	643.43059	510.121688	440.610686	383.19385	1021.594966	1254.831638	979.139742
11971	1.07437418294408	4.89480946178792	36.1038457161624	1.12934145360371e-05	0.000328605723072275	chr2	34910870	34911870	chr2:34910870-34911870	481.996577	480.307427	457.955124	338.99149	264.030085	365.101922	850.937598	984.354166	899.77277
4859	1.18363702038042	4.38342844910346	35.2637013122567	1.30401460719304e-05	0.000369187217642763	chr12	86360810	86361810	chr12:86360810-86361810	318.865576	302.752986	265.73546	283.94609	325.833256	231.9332	582.93084	681.902553	576.13421
14704	1.30698695054869	4.04815136782618	34.2259394441818	1.56262777614682e-05	0.000427033425600862	chr4	43518590	43519590	chr4:43518590-43519590	271.611114	221.089423	248.536822	174.945662	120.242997	132.575577	565.33742	511.58998	603.686734
15715	1.18525759233146	4.3274961979997	33.7750640006276	1.69238516042901e-05	0.000452026380129213	chr4	132150340	132151340	chr4:132150340-132151340	237.505624	316.411068	343.97234	225.630884	227.873074	221.84917	578.23922	655.800778	638.22988
16300	2.01206972138483	3.65816524300216	33.3520276201204	1.82511331289291e-05	0.00048014631311966	chr4	152360460	152361460	chr4:152360460-152361460	128.203772	119.507832	121.401972	189.66074	164.808582	62.283874	503.17364	339.319802	524.730182
2427	1.67221953748935	3.79093585313526	33.3503609440463	1.8256586342545e-05	0.00048014631311966	chr10	127544040	127545040	chr10:127544040-127545040	177.512878	169.018134	121.401928	233.260888	152.19568	140.583564	492.61752	318.438572	556.806186
4863	1.27574283799606	4.14131696072061	33.3099779579588	1.83892716465773e-05	0.000482124560492399	chr12	86390050	86391050	chr12:86390050-86391050	253.94199	229.910162	252.246308	260.51104	232.497794	160.158516	589.38167	500.17063	542.824074
24440	1.54456106361638	4.1614089026059	33.1812431665099	1.88194683614709e-05	0.000490846838538715	chr9	103166630	103167630	chr9:103166630-103167630	264.214773	174.13989	203.685524	276.86098	290.0967	132.872302	503.76006	603.27159	606.56507
1901	2.12440038879524	3.31336824559756	32.9692868529107	1.95523856031554e-05	0.000503699071899506	chr10	75842390	75843390	chr10:75842390-75843390	59.581887	114.101462	120.053064	73.030288	61.382798	88.383803	347.17824	466.23851	361.060224
1631	1.33954990193115	4.20247186605917	32.7837292616507	2.02201601075672e-05	0.000515861588093356	chr10	43510710	43511710	chr10:43510710-43511710	254.352856	182.391603	317.33132	226.17586	180.36449	238.161702	593.48687	551.721284	606.56514
14984	1.9704940235032	3.36268971369876	32.5088905742481	2.12563677276894e-05	0.000537689969184136	chr4	69896240	69897240	chr4:69896240-69897240	115.876454	92.760776	112.63396	71.94032	126.969872	78.299704	295.5707	441.115794	416.98755
5699	3.11692224169644	4.61008000275639	50.6077054402768	2.19484909850981e-05	0.000550220686856508	chr13	51847240	51848240	chr13:51847240-51848240	175.047346	87.639052	136.914412	187.48068	94.176338	300.741798	784.6693	1486.482132	890.72556
11176	1.46121416441023	3.8543067334023	32.228032439909	2.2376706240217e-05	0.000558729483492086	chr19	37878215	37879215	chr19:37878215-37879215	166.007525	175.847173	276.863966	102.460377	100.272579	101.433747	493.79024	514.363185	557.834086
10991	1.44955405049627	3.7927393732289	31.9063070879314	2.37415565321601e-05	0.000582976815958963	chr19	10294970	10295970	chr19:10294970-10295970	183.265693	193.204246	153.775824	164.59062	198.8634	146.812034	419.31153	525.6196	376.275938
6809	1.0799835102624	5.54999954676227	31.7689515687872	2.43522761468961e-05	0.00059507032848663	chr14	54925800	54926800	chr14:54925800-54926800	780.72812	777.36972	565.1939	748.83324	600.37436	486.4068	1359.389078	1044.713498	1711.541006
13241	1.59055701542683	3.64677400447203	31.5550382370988	2.53385179818056e-05	0.000612611587570002	chr2	165763220	165764220	chr2:165763220-165764220	122.451054	158.774608	173.33512	113.360352	159.763408	150.667682	364.7716	461.997076	428.502246
20058	1.06537869772221	5.56655019274153	31.4219214356427	2.59746524452556e-05	0.00062500576232757	chr7	27371740	27372740	chr7:27371740-27372740	665.673234	571.361244	915.236418	559.171928	634.00872	657.835558	1578.72169	1086.476538	1474.672654
10989	1.97463675305134	3.48267481288268	30.7737638547025	2.93371754307691e-05	0.000687511516216973	chr19	10281260	10282260	chr19:10281260-10282260	106.014736	68.290152	163.892628	107.910428	146.309658	86.60425	449.2204	341.930022	432.614362
17974	1.3113518161805	3.94761608720152	30.7783029804125	2.93120040323411e-05	0.000687511516216973	chr5	126751940	126752940	chr5:126751940-126752940	209.563882	223.650268	190.196496	175.490612	229.554794	190.41065	377.67348	538.344214	499.23405
18859	1.63410043745118	3.51100204270756	30.5678390910178	3.05048230279565e-05	0.000710245967428897	chr6	70975010	70976010	chr6:70975010-70976010	115.876546	138.287562	132.867672	140.610464	143.787072	162.234718	292.63829	372.599308	437.549346
9241	1.06832771196416	6.32067744517743	34.5052040265346	3.12351924354429e-05	0.000724570099914897	chr17	15374775	15375775	chr17:15374775-15375775	1106.989972	1140.730456	1572.155887	779.353005	718.30475	1118.290849	2320.580527	2647.348004	2374.649695
7511	1.50501750698434	3.72310555695961	29.744824601451	3.57166051420846e-05	0.000801204309109738	chr15	73518330	73519330	chr15:73518330-73519330	203.400311	174.42445	123.08813	151.51056	153.877399	150.074471	474.43778	480.59436	339.676214
12567	1.15058958257092	5.00741578971541	29.7006674428221	3.60230325770645e-05	0.000807210931667291	chr2	121304380	121305380	chr2:121304380-121305380	552.261798	435.918834	445.815148	515.571948	412.862424	258.626242	1063.819122	833.291362	1017.38442
2122	3.26219334944414	2.98302666602506	30.252306446995	3.71528015652188e-05	0.000827521117340701	chr10	85452990	85453990	chr10:85452990-85453990	63.690997	10.243524	56.6542	22.890076	10.090324	29.955556	292.63843	562.8142	289.917378
17572	1.19724135680443	4.75806065695442	29.3779862512666	3.83531887484968e-05	0.000847507820553921	chr5	114474030	114475030	chr5:114474030-114475030	428.98928	431.36632	285.294698	412.021574	433.463372	249.728566	867.358088	672.11438	863.17331
24441	1.66111944582031	3.95853269070765	29.3728087151301	3.87819839707459e-05	0.000853984037235087	chr9	103169510	103170510	chr9:103169510-103170510	182.85475	168.449095	187.161368	261.600952	205.59028	88.680385	469.15958	448.62009	646.86558
3414	3.32888420060502	2.98946229480922	29.8830547949866	4.14761987012092e-05	0.000898554845504134	chr11	84943610	84944610	chr11:84943610-84944610	22.189128	59.753896	34.3972	106.820396	32.793558	15.126073	246.30894	436.221746	390.66873
13247	1.36052982409926	4.12765828326981	28.7911756522158	4.30333355777594e-05	0.000926122234041301	chr2	166359060	166360060	chr2:166359060-166360060	237.505744	165.603608	290.69032	209.280864	249.735426	198.71517	653.3045	402.616084	581.479982
22971	1.29285189129243	3.82265463285637	28.5679532979839	4.49778632355158e-05	0.000949704563569376	chr8	117487940	117488940	chr8:117487940-117488940	209.563822	175.278032	221.221336	143.880512	172.376314	140.58363	478.54292	465.912334	414.52032
1357	2.66232317587792	3.47756914792576	30.2759871502894	4.93616243886441e-05	0.00101418997896962	chr1	189767860	189768860	chr1:189767860-189768860	102.727438	93.898924	34.397196	89.38032	194.23867	42.70892	432.79988	477.005448	422.744922
6928	2.04741121351052	3.23433484783801	28.039179105934	4.99864994541871e-05	0.00102036512957213	chr14	63606990	63607990	chr14:63606990-63607990	86.291044	108.126059	77.56236	114.99545	61.803216	118.339401	251.0005	439.158159	337.20904
1356	1.32954734959373	4.40964373492897	28.0137349050723	5.02427120353331e-05	0.0010246516904837	chr1	189734040	189735040	chr1:189734040-189735040	381.32387	298.20042	207.05782	245.250916	324.571984	160.158518	675.589562	711.2668	644.80964
7303	2.57878472451268	3.76252487373235	32.7694526199367	5.03186256679984e-05	0.0010246516904837	chr15	27854160	27855160	chr15:27854160-27855160	114.232904	123.49138	52.60748	243.070992	126.969872	62.283866	592.31392	334.099502	663.726088
371	1.14196044953968	4.83174556078896	27.8636861816255	5.17837003740101e-05	0.00104939126788523	chr1	75503235	75504235	chr1:75503235-75504235	510.554946	419.699916	320.19774	407.934065	356.945082	351.310343	940.371455	576.680637	1011.627035
23361	1.09712452717462	4.30036027761636	27.6067300267642	5.45463608757526e-05	0.00109305522044731	chr8	122628250	122629250	chr8:122628250-122629250	371.05109	305.029448	243.478466	234.895876	249.314996	187.741418	590.55464	633.941055	570.787895
11968	1.49128534007552	3.90283959648691	27.4453416778941	5.63652582828547e-05	0.00111617402495765	chr2	34895465	34896465	chr2:34895465-34896465	218.809275	187.94025	206.046134	173.310692	139.162352	68.363968	508.158445	456.124134	616.640005
135	1.40277076918982	4.11423065434758	27.0081548892183	6.16410867294684e-05	0.00120173858396126	chr1	36552370	36553370	chr1:36552370-36553370	241.614743	205.724092	267.42152	176.58067	220.305327	128.126852	746.54972	366.726484	623.01421
13620	2.4005158508446	3.87862549532063	31.54461148489	6.3616838916626e-05	0.00123167093745582	chr2	181232865	181233865	chr2:181232865-181233865	148.338427	123.349092	77.899561	171.948174	233.759086	62.135569	671.48457	318.438697	703.40992
11733	1.1349319755119	4.53901331139023	26.5876490525001	6.72391693788162e-05	0.00128508172373503	chr2	26315570	26316570	chr2:26315570-26316570	388.720194	420.269048	367.24102	128.620536	233.338662	128.423435	785.84174	809.80008	766.53412
12566	1.07105535378952	5.49923044252092	27.0007054281026	6.97896272022266e-05	0.00131773077798413	chr2	121301190	121302190	chr2:121301190-121302190	569.52046	668.95914	842.732454	695.4231	624.75911	371.330234	1398.681841	1164.780244	1453.69953
13246	1.1263722519918	4.05105640723824	26.346689812994	7.07007770416185e-05	0.00133079836492119	chr2	166357630	166358630	chr2:166357630-166358630	241.614794	225.072976	267.421544	229.990906	198.863401	204.94354	567.68294	461.01823	438.37156
18858	1.40529497990129	4.16482960656314	26.2633586496374	7.19437304081779e-05	0.00134929340584458	chr6	70960310	70961310	chr6:70960310-70961310	239.971052	203.732325	251.234644	225.630904	228.293568	227.780848	410.51476	854.172448	412.464236
7981	1.75422394237005	4.08410421299587	27.5628213110918	7.95789980541384e-05	0.00145773202476318	chr15	86126555	86127555	chr15:86126555-86127555	236.683886	170.156333	160.014582	212.550752	272.648863	97.874674	677.348955	357.75399	720.06473
4394	2.23823889981483	4.44609576703958	33.4768225658918	8.25567419262592e-05	0.00150135161672111	chr11	120948470	120949470	chr11:120948470-120949470	147.927582	107.556974	369.60151	156.415618	103.005371	134.65172	805.19506	804.57951	1116.902738
23551	1.62602318129587	3.47878828619069	25.4567653601275	8.53176443715455e-05	0.00154088942090937	chr9	15179950	15180950	chr9:15179950-15180950	138.065646	113.532357	176.707362	116.630416	90.812898	60.207728	378.26009	421.866024	412.875285
12128	2.22482348473423	3.60926963759995	26.9187027807418	8.54376584732798e-05	0.00154149134488457	chr2	69584230	69585230	chr2:69584230-69585230	99.851102	87.63903	165.241524	22.890076	105.52794	88.68038	567.683202	460.365684	487.719332
21987	1.15558164336872	4.24785665529199	25.2064026186181	9.00154863002016e-05	0.00160226292410875	chr8	25496090	25497090	chr8:25496090-25497090	279.41836	276.575163	265.061012	353.161356	192.977382	210.875336	597.00531	542.91194	533.36582
17905	1.10139045863841	4.59434416247971	25.1621141292418	9.08761505680494e-05	0.00161517742790513	chr5	123177770	123178770	chr5:123177770-123178770	358.312916	335.190958	381.067292	426.191538	293.460148	236.975279	639.81635	838.18523	629.18271
4928	1.21002368614048	3.7414847647972	25.1590754912375	9.09355359527177e-05	0.00161517742790513	chr12	99294720	99295720	chr12:99294720-99295720	238.32747	225.35755	209.081208	73.03028	75.67741	68.808846	443.35606	484.18344	496.76658
3228	1.35823376253674	3.74113349439875	24.9978222882051	9.41498578979801e-05	0.00166447903685906	chr11	75200605	75201605	chr11:75200605-75201605	169.705666	178.977145	192.219815	136.795476	199.914474	135.541505	409.342001	332.305003	533.57135
16613	2.29663500596171	3.14756686913172	24.9514643662058	9.50972014341206e-05	0.00167494853946493	chr5	22310790	22311790	chr5:22310790-22311790	90.811073	89.061686	64.747712	33.245138	76.097842	57.241838	292.63847	595.767372	202.325242
2719	1.18425404529354	4.09774548845107	24.9366388392917	9.54024041119379e-05	0.00167914902733802	chr11	35333020	35334020	chr11:35333020-35334020	269.556632	242.999136	256.29312	200.560752	194.238676	175.581208	445.70182	711.91917	435.904346
25034	1.59450599843147	3.39367444085906	24.91285534326	9.58942996682225e-05	0.00168544946113791	chrX	103506400	103507400	chrX:103506400-103507400	147.9274	155.929178	113.9829	75.210272	79.88173	74.74062	471.505296	285.15915	398.893564
17543	1.11425244507694	4.88861072259718	24.8744051334656	9.66955215199133e-05	0.00169597880218446	chr5	113631020	113632020	chr5:113631020-113632020	499.66556	489.98194	320.366332	303.0212	509.561182	370.14386	864.42606	689.080278	1043.703514
10992	1.06046554674478	4.57365486699807	24.684755157266	0.000100758100433129	0.00175379020041592	chr19	10296630	10297630	chr19:10296630-10297630	276.131202	387.54661	411.41786	388.041286	326.253684	236.97531	682.62725	671.78803	702.381872
979	1.0591087636929	4.30033116768196	24.6114671218413	0.0001023786754554	0.00177341285790568	chr1	152952125	152953125	chr1:152952125-152953125	275.309313	324.09376	338.57669	269.775959	204.118774	185.368574	567.096511	687.775258	532.543315
21391	1.03426195758915	4.32055311947649	24.5950624862312	0.000102745384966188	0.00177731862145292	chr7	143311190	143312190	chr7:143311190-143312190	301.60742	304.46028	336.553252	193.475654	255.200996	269.006916	635.711248	614.6911	515.27174
8302	1.33976251805791	3.90587581805956	24.4311308329098	0.000106491378167907	0.0018270494186149	chr15	101072810	101073810	chr15:101072810-101073810	181.211132	259.502618	241.11778	128.620498	115.197836	77.113374	685.55929	414.68778	481.550924
21085	1.03554869391591	4.36733381630716	24.2497040238611	0.000110815513497609	0.00189092587065853	chr7	130260920	130261920	chr7:130260920-130261920	510.349492	396.083008	308.900612	37.060128	42.883868	45.081646	729.54296	818.93585	723.765578
18047	1.55355089550574	3.64691265966056	23.9194527027505	0.000119198017090784	0.00199873077425578	chr5	132648415	132649415	chr5:132648415-132649415	155.73475	183.102999	110.947936	179.578143	200.965547	97.578073	478.54264	311.4239	418.221357
10206	1.27931605786102	4.10206243167532	23.8699028002695	0.000120515594409341	0.00201144363109331	chr18	34535110	34536110	chr18:34535110-34536110	230.931107	172.717194	294.399848	306.83617	187.091352	186.555019	496.72265	591.852195	463.0454
1355	1.26888964913124	4.03670625943415	23.6611108497224	0.000126248623899579	0.0020877474473906	chr1	189731425	189732425	chr1:189731425-189732425	302.429359	241.291957	183.283238	222.088337	155.979537	117.597888	483.527625	612.570406	501.290138
1832	1.6261694270564	3.32828254954365	23.2553078945	0.000138281199208995	0.00223819903722907	chr10	70298150	70299150	chr10:70298150-70299150	105.192919	157.636442	95.098196	140.610556	108.470952	91.942883	319.0285	343.88766	347.900906
13244	1.47960268060867	3.59962266054203	23.1398194893421	0.00014193527670241	0.00227829654293556	chr2	166216950	166217950	chr2:166216950-166217950	205.043921	123.206787	141.635602	123.715446	124.02686	153.040356	477.36994	281.57023	442.07273
820	1.86651697830387	3.59144025747836	23.3042205194983	0.000145666730442595	0.00231896643802004	chr1	133256190	133257190	chr1:133256190-133257190	155.734618	126.905852	110.610718	173.31062	97.119344	82.155394	638.056768	206.202108	471.270154
12299	1.64610908638231	3.62337537055876	22.7112584916048	0.000156466409514972	0.00246285369673692	chr2	91973530	91974530	chr2:91973530-91974530	167.651033	96.744358	204.697198	71.94028	75.677412	144.43931	422.24382	479.28938	445.362614
14082	1.73782916775135	3.38123825321928	22.5289854359993	0.000163143103923759	0.00254477654306599	chr3	96188510	96189510	chr3:96188510-96189510	115.87659	152.514678	78.574052	144.97054	127.390304	94.908711	414.03346	214.685032	433.025864
2955	1.01823774663112	4.97499792594212	22.4836465844769	0.000164852774513283	0.00256438781317974	chr11	59308830	59309830	chr11:59308830-59309830	511.58212	589.57163	406.022304	479.057082	401.510692	243.79684	887.88408	840.795454	1066.321222
22010	1.48408407251808	3.81211737148434	21.9284075571827	0.000187492669151349	0.00281114260369625	chr8	27093290	27094290	chr8:27093290-27094290	184.08751	215.683042	155.12473	180.395594	118.140846	131.685878	627.50094	245.02812	552.69388
2420	1.52716828427276	3.6115482854927	21.7738894557168	0.000194394856726623	0.00288486093688229	chr10	127355330	127356330	chr10:127355330-127356330	192.30562	107.272472	179.742368	151.510616	113.095678	82.748567	553.02195	335.7309	376.686954
16784	1.01889342891529	4.16147337336007	21.765523849652	0.000194776540833586	0.00288882189525075	chr5	33707480	33708480	chr5:33707480-33708480	326.262092	242.99909	290.690316	175.490612	246.371984	197.52884	473.85114	569.013386	551.871284
3289	1.06862094803311	5.16977300824351	22.2146516216599	0.000198173777672701	0.00292370211620411	chr11	77959330	77960330	chr11:77959330-77960330	478.709386	575.06013	645.45411	530.286938	387.216104	317.94416	1298.984553	718.118063	1260.832696
156	1.15499364343127	5.63426965454419	24.1318219159926	0.000198564331866666	0.00292485917238733	chr1	38626630	38627630	chr1:38626630-38627630	804.97095	708.51034	701.4336	749.3774	754.25164	325.358854	1421.553014	1693.663014	1389.548298
3284	1.00991162475864	4.60854430085185	21.5396991561881	0.000205402216947619	0.00300567930136897	chr11	77941020	77942020	chr11:77941020-77942020	478.29819	431.9353	452.55972	91.560376	151.35482	131.685936	911.342302	614.69109	993.532858
15716	1.25653561249821	4.00796652358616	21.4544986600921	0.000209577710585969	0.00305258182739482	chr4	132156880	132157880	chr4:132156880-132157880	219.425592	192.919714	328.459836	98.100344	126.129002	176.767546	503.1738	533.776022	589.704348
16441	1.01913932515403	4.09747673910418	21.3569280755882	0.000214476039231392	0.00310582936686637	chr4	154252555	154253555	chr4:154252555-154253555	308.592934	275.15245	227.291495	241.435837	184.778998	198.418685	475.02424	439.810875	590.93833
15717	1.30609288843421	3.66628087099703	21.1840756965405	0.000223470134520438	0.00320906866521117	chr4	132158570	132159570	chr4:132158570-132159570	187.374728	166.45727	248.874084	78.480272	88.710742	53.682768	454.49847	495.602735	415.342808
5621	1.17231291774359	4.10247322007807	20.6131267002289	0.000256302553515666	0.00354638755878823	chr13	43779170	43780170	chr13:43779170-43780170	265.03652	303.322138	190.870948	186.390568	244.269834	191.597006	425.762322	700.499828	431.380698
17571	1.00291843633404	4.24937649453711	20.3727500276045	0.000271706350122131	0.00371258258752655	chr5	114472430	114473430	chr5:114472430-114473430	301.607496	306.452108	291.027554	255.06097	290.937568	171.132362	489.685302	491.035043	672.773088
12130	3.12328500196664	3.49421470170743	25.2424292569732	0.000280798814902283	0.00379764931342051	chr2	69586930	69587930	chr2:69586930-69587930	46.843714	11.950772	149.05464	13.080048	16.817205	13.643125	527.21816	624.8052	521.440264
21084	1.08030887167276	4.04754226329419	20.1869860842961	0.000284318312336908	0.00382878951482485	chr7	130259070	130260070	chr7:130259070-130260070	242.84746	378.15685	331.49494	21.255082	34.895706	33.218051	587.62244	601.314	657.96906
1359	1.68585052974802	3.70300173977768	20.3371623854156	0.000305967579726842	0.00405523855405207	chr1	189786320	189787320	chr1:189786320-189787320	193.12752	175.278122	101.168292	114.450392	209.374144	56.945252	448.04742	407.836332	525.552948
17376	1.00020655740587	4.1302325369746	19.5082858771305	0.000336266708107838	0.00436712939956975	chr5	111430345	111431345	chr5:111430345-111431345	255.996569	267.185237	359.147536	186.390677	167.961795	160.603425	482.354829	471.132615	670.511504
1445	1.0223388080096	4.0585762440509	19.4847292558872	0.000338250772193347	0.00438610699914186	chr1	193736430	193737430	chr1:193736430-193737430	258.87297	234.747421	294.062618	165.135606	185.409639	250.618282	512.55686	459.387211	494.710112
20022	1.61562386668444	3.16760788335007	19.2720393330057	0.000356767672032193	0.00457436858755897	chr7	25071420	25072420	chr7:25071420-25072420	109.301942	97.882556	121.401932	101.370392	114.356972	62.28386	351.869656	241.439144	331.451746
21551	2.35933198019355	4.28718860329618	26.2411537137086	0.000359340657899113	0.00459798933333135	chr8	8620030	8621030	chr8:8620030-8621030	154.912989	138.287575	262.363152	97.555326	27.327959	61.0975	613.42599	1370.983064	620.13574
17555	1.01500862467041	5.18391473014251	19.5795424454107	0.000376359392165927	0.00477974401707162	chr5	114267330	114268330	chr5:114267330-114268330	756.89474	595.26259	385.788542	458.346582	558.331002	310.232812	1029.80532	940.960594	1239.448944
21326	1.03832933574955	4.06503184688173	19.0567984212707	0.000376664938080571	0.00477974401707162	chr7	142429990	142430990	chr7:142429990-142430990	249.011076	291.371375	280.23631	132.435482	219.46447	163.717568	601.11081	490.056184	450.708562
11177	1.96392441996028	3.13145179122259	18.6796897642217	0.000414580084493694	0.00512503248851758	chr19	37883770	37884770	chr19:37883770-37884770	116.287407	87.354466	76.887856	81.750344	25.225812	103.213304	402.30444	285.81179	312.535084
18660	1.20656749259171	4.19111750627737	18.7600459882609	0.00042254001436723	0.00519282696367618	chr6	48447710	48448710	chr6:48447710-48448710	246.545658	192.919761	372.636676	177.12564	155.97955	263.668246	481.47504	690.71169	546.525082
12091	1.22124554986476	3.84634687944365	18.458055895427	0.00043883911402439	0.00533066682474897	chr2	60131790	60132790	chr2:60131790-60132790	272.8438	209.707798	186.149672	157.505582	140.423631	85.41789	470.91845	340.298687	619.724292
7006	1.32050358221202	3.60233823708779	18.4169817608417	0.000443506615088319	0.00537180846735222	chr14	69809210	69810210	chr14:69809210-69810210	186.963801	148.246493	180.416814	182.575646	122.345142	79.782676	381.77879	362.15865	437.13797
4604	1.56867948189551	3.27553854551233	18.1380856402216	0.000476703254091685	0.00565416786156156	chr12	56305170	56306170	chr12:56305170-56306170	117.931105	121.215078	181.765716	42.510144	20.180648	37.370328	449.22026	365.747839	330.218036
8301	1.14733430744828	3.76083749033414	18.0962794105383	0.000481914215997567	0.00569450652696844	chr15	101068720	101069720	chr15:101068720-101069720	216.138466	273.729748	169.288284	131.890504	121.924728	88.976974	509.0382	365.421354	461.4006
8161	1.15873200642674	3.89449332025277	18.0182986776521	0.00049180484074303	0.00578152080180352	chr15	97771190	97772190	chr15:97771190-97772190	265.036676	246.129146	149.054624	163.500608	218.623755	159.861868	470.91911	328.879314	550.226543
10209	1.03113673878668	5.27363572005627	18.8832851808954	0.000501962564127489	0.00585987744736771	chr18	34544930	34545930	chr18:34544930-34545930	447.069392	603.51464	788.77567	422.37661	523.435452	421.453747	897.85372	1556.303436	985.719606
21986	1.38834737570282	3.52204380178296	17.9065104424068	0.000506380762242129	0.00589777760521618	chr8	25485110	25486110	chr8:25485110-25486110	126.971088	191.212426	164.9044	155.87059	88.710744	81.265631	316.6828	465.912231	374.630916
23040	1.53265834555663	4.07401027474686	19.1348583755514	0.000532291745347053	0.00611188455229926	chr8	119806130	119807130	chr8:119806130-119807130	281.062002	226.780276	126.123126	251.79102	235.020387	91.646273	590.55465	404.899964	683.054032
20080	1.28208926725068	4.01983759356834	17.8463920577067	0.000541788068917444	0.00619830177571962	chr7	28467095	28468095	chr7:28467095-28468095	230.931265	212.553187	237.239776	141.428057	282.108541	155.858029	640.989211	292.826557	587.85417
14081	1.18642121068535	4.18933705510762	17.7612694478341	0.000551689512575966	0.00626600782582332	chr3	96184980	96185980	chr3:96184980-96185980	185.731062	233.893772	379.718388	189.660732	301.027888	162.531218	499.65504	520.72595	655.50188
19700	2.44410885765993	3.42977255697806	19.5954194787321	0.000574771961988823	0.00646689115391001	chr6	128011530	128012530	chr6:128011530-128012530	109.712926	97.313458	60.026546	106.27539	118.140854	17.79538	523.69926	215.663848	596.284314
4518	1.00883087963969	4.30062363327424	17.3778322341459	0.000582173379533376	0.00652013918232699	chr12	29935990	29936990	chr12:29935990-29936990	348.862052	298.484906	353.077488	267.051002	152.195677	139.693776	624.56829	701.15279	513.215788
20510	1.23361320967097	4.40354843485464	18.0562454832999	0.00059440303064377	0.0066167757090991	chr7	66278630	66279630	chr7:66278630-66279630	332.425679	257.795386	339.58835	212.550768	354.002046	137.914322	758.278978	452.53534	799.02125
16440	1.00410021384988	4.1825980843476	17.2869985675984	0.000596429385794768	0.00662925620449963	chr4	154247990	154248990	chr4:154247990-154248990	339.000182	261.209892	322.38976	125.35042	221.146188	168.759678	578.82569	646.99153	463.86796
2430	1.02957634013362	4.38025372947854	17.2844111601934	0.000596841136294496	0.00662925620449963	chr10	127566260	127567260	chr10:127566260-127567260	391.185712	431.366272	214.476816	220.180784	184.14837	220.662786	730.716002	478.310414	727.05548
13264	1.28019337593743	3.49185706961432	17.0892278506793	0.000628836011998005	0.0068873688363698	chr2	167147700	167148700	chr2:167147700-167148700	172.582058	154.791032	137.58888	185.30068	138.741916	97.874654	384.71072	289.074456	360.237822
5826	1.04597388238543	4.06839334318317	16.98333082854	0.000646992733642554	0.00703115721634259	chr13	55491650	55492650	chr13:55491650-55492650	200.112998	234.178346	343.635064	201.105794	232.497802	186.851577	570.61552	369.010346	538.71197
15746	1.41151066507772	3.52713631123246	16.9445301332949	0.00065379120103107	0.0070805812128877	chr4	134037270	134038270	chr4:134037270-134038270	147.51656	103.573393	225.605422	109.54543	78.19999	140.583612	374.74147	428.391468	360.649184
24815	1.21762195593955	4.46132728072456	17.7139670814992	0.000667451693043247	0.00715463869770251	chrX	7919510	7920510	chrX:7919510-7920510	505.418634	292.22492	212.453516	247.975914	269.075213	132.575619	686.732272	778.80398	673.184572
828	1.28332463101764	3.3789996968754	16.8285872467721	0.000674585849574416	0.00720044582185686	chr1	133285530	133286530	chr1:133285530-133286530	170.116602	146.254738	116.343508	135.70552	133.276332	110.034853	367.70403	278.960129	316.236215
2714	1.42045202455873	3.52806400837074	16.520790346662	0.000733462845172481	0.00768228312532092	chr11	35319530	35320530	chr11:35319530-35320530	151.625558	174.139917	133.879446	179.850672	130.75374	75.927017	294.98411	521.37789	304.721784
4164	1.29275606335066	3.76723603049324	16.3558646316161	0.000767355826672117	0.00795779925896602	chr11	117872370	117873370	chr11:117872370-117873370	254.76388	219.097636	128.14657	142.790548	168.172008	81.562226	477.95634	315.502256	557.217776
8300	1.27456288012815	3.55084220672765	16.324012473163	0.000774101038229586	0.00800466270797061	chr15	101063190	101064190	chr15:101063190-101064190	198.058386	156.498288	185.47525	85.020352	129.912886	64.063422	459.19007	298.862519	440.839102
11825	1.08430490666163	4.35292371383763	16.4518845018892	0.000785276858564528	0.00806390585606308	chr2	30643490	30644490	chr2:30643490-30644490	382.967303	350.840693	234.036152	222.905844	315.322452	139.990465	540.11973	541.933138	797.787652
18514	1.14332514006922	3.78006433747201	16.2668034295815	0.000786382817208244	0.00806867881219499	chr6	29618470	29619470	chr6:29618470-29619470	181.622076	202.878673	330.146004	75.21028	78.199986	58.72479	548.33028	381.082247	523.9078
12332	1.16195619016119	3.55567529316777	16.1546683520911	0.000811092413187922	0.00826828065918461	chr2	93046740	93047740	chr2:93046740-93047740	202.16756	199.74868	148.380164	114.450404	105.948396	121.601868	433.97278	286.46427	407.11818
18540	1.1684772068637	4.37092733418469	16.6774989385903	0.000812803066691706	0.00827901270156356	chr6	31235680	31236680	chr6:31235680-31236680	288.458424	238.446448	430.302604	262.690976	256.462362	110.331406	670.8979	688.427676	614.378704
2328	1.01977297569451	3.91258720409466	16.1407759080772	0.000814213576424741	0.00829002488067731	chr10	120383190	120384190	chr10:120383190-120384190	216.549295	268.892594	241.455124	214.185806	179.523614	116.856442	523.11286	409.794036	416.165182
3148	1.25609522392034	3.56068786458135	15.9907551191474	0.000848786134807884	0.00854865875429357	chr11	69942520	69943520	chr11:69942520-69943520	193.127478	138.28751	188.847548	85.020332	158.92255	117.449634	334.27634	324.311392	483.606968
952	1.44690948853547	3.21862896147457	15.7900622265238	0.000897626771119733	0.00890866254034407	chr1	136795510	136796510	chr1:136795510-136796510	138.476458	152.799232	80.597434	76.845274	124.026861	89.570156	294.39778	296.578684	335.564075
22775	2.2189914242277	2.87772945045094	15.7374203928691	0.00091095169639468	0.00899127186139518	chr8	109012350	109013350	chr8:109012350-109013350	32.050966	88.777206	84.644168	97.555338	50.451606	15.126083	292.05202	267.540838	321.170982
16547	1.39372787646428	3.35589615842413	15.6056680100393	0.000945280162898521	0.00925389203422515	chr4	155784000	155785000	chr4:155784000-155785000	171.760138	119.5078	136.9145	87.200284	143.787078	63.470228	376.5006	358.243452	292.795968
11824	1.34363525511903	3.25953976746593	15.5725876270133	0.000954124613182656	0.00932234564797914	chr2	30641300	30642300	chr2:30641300-30642300	129.025614	103.573392	159.845964	94.830352	126.96988	103.213298	334.27622	266.888086	313.35744
14258	1.25758214076027	3.34486944819262	15.5552408202704	0.000958799401953288	0.00934987297472387	chr3	108369285	108370285	chr3:108369285-108370285	135.394664	167.453129	165.241596	78.48032	83.034946	87.19742	334.2763	273.250374	421.511332
10842	1.03472986926268	3.88767801801861	15.5532091917288	0.0009593485763808	0.00935160508091725	chr18	84765800	84766800	chr18:84765800-84766800	205.454732	218.528468	285.294732	120.990388	195.920396	179.140348	419.89806	514.852474	395.603766
5930	1.05378516709082	3.93047339127714	15.4229660950291	0.000995299026659402	0.00959428617464208	chr13	59713790	59714790	chr13:59713790-59714790	185.320174	291.655929	222.570322	263.235938	189.193514	130.499582	404.06371	446.336182	480.317304
12301	2.00939212104187	2.71846435538161	15.3539945232441	0.00101494452599747	0.00971369144900886	chr2	91977410	91978410	chr2:91977410-91978410	67.800116	62.314743	71.155028	37.60515	29.009676	102.026902	265.66179	241.439134	235.635078
10649	1.21398195741758	3.83184598372586	15.3475278069965	0.00101680856442819	0.00972712077464578	chr18	76152640	76153640	chr18:76152640-76153640	258.872888	153.652868	206.38338	148.240584	240.48589	116.856454	415.20624	311.913524	592.994464
17406	1.18106587187546	3.53846857610211	15.2358434346523	0.00104961254469071	0.00993112981568372	chr5	111868490	111869490	chr5:111868490-111869490	146.694708	209.42316	155.799164	152.600548	132.015033	126.940497	448.04766	338.99349	273.056844
14663	1.34051052602207	3.52105343925326	15.2203558766946	0.00105425416770679	0.00996414688209243	chr4	41641950	41642950	chr4:41641950-41642950	197.236565	120.93047	174.683934	78.480304	160.60427	91.349697	448.0476	268.519421	429.324552
24044	1.2419493707686	3.76222265575413	15.2142862128038	0.0010560794956976	0.00997765196216701	chr9	58151550	58152550	chr9:58151550-58152550	190.251049	239.869138	232.349904	68.670272	118.56127	58.7248	640.402782	289.400647	509.514602
