regionID	logFC	logCPM	F	PValue	FDR	V1	V2	V3	V4	DMSO1	DMSO2	DMSO3	PDsiNanog1	PDsiNanog2	PDsiNanog3	t2i1	t2i2	t2i3
1428	0.273344098633323	6.38581975783777	4.35037007265535	0.0515761425883929	0.142360126904645	chr1	192854680	192855680	chr1:192854680-192855680	2034.82315	1843.265678	1694.907132	1080.19414	988.011562	778.84424	1827.375494	2334.78119	1989.53305
5527	0.429293151278716	4.70635303425571	4.33054371545107	0.0520572541061536	0.143225735526648	chr13	34344500	34345500	chr13:34344500-34345500	728.95314	595.26264	430.977044	251.790988	172.376318	221.849164	667.37948	724.31774	766.533718
11507	0.579122138102289	5.06755435265741	4.48155200555636	0.0523517505778108	0.143840758864969	chr19	58860590	58861590	chr19:58860590-58861590	755.662498	815.782912	533.157218	340.081278	372.080775	161.344905	866.185152	720.72827	1298.254656
308	0.411810462346731	4.79523683365126	4.2724254563311	0.0534976809176214	0.145833762700705	chr1	74805930	74806930	chr1:74805930-74806930	488.57123	668.674258	595.206998	371.691494	277.90424	279.387535	559.4729	780.10944	796.964636
20079	-0.503295865360362	4.45753650689542	4.26813416913934	0.0536058491440675	0.146020500669897	chr7	28300900	28301900	chr7:28300900-28301900	666.49491	619.16394	699.410256	143.88056	247.212866	205.833282	378.84648	575.538798	322.404612
15575	-0.477315252037068	4.40985416212078	4.26524406431869	0.0536788407905329	0.146153477267084	chr4	128806430	128807430	chr4:128806430-128807430	705.120746	753.75273	436.03559	229.445826	228.293509	147.701799	455.08492	346.171562	442.48396
10319	-0.481220771370145	4.28723085517525	4.20168260232547	0.0553135223728023	0.149157512139589	chr18	37689430	37690430	chr18:37689430-37690430	599.927658	617.741422	432.325904	176.580632	206.851586	298.665588	313.16404	347.150568	421.100124
11922	0.228362067863752	6.41912232188165	4.16549972117157	0.0562697424497173	0.150793563428123	chr2	33568890	33569890	chr2:33568890-33569890	1911.961488	1988.66655	2176.1306	850.203314	762.660522	767.57353	2354.594048	1970.012722	2199.260281
11929	0.417341907183333	5.05643119126271	4.14195968694209	0.0569021055842026	0.151889818161925	chr2	33605550	33606550	chr2:33605550-33606550	851.815156	747.77719	840.708898	118.265414	210.635434	106.475786	927.763008	1012.739688	1043.702812
7463	0.404515522398248	4.75567419705377	4.10826078394455	0.0578217295934223	0.153543572123886	chr15	59201970	59202970	chr15:59201970-59202970	619.24036	568.515675	526.749842	299.20613	364.512875	236.678601	833.344372	541.93292	702.381562
9963	-0.372614833284436	5.71717119645727	4.09435904777929	0.0584668349477882	0.154721035516863	chr17	83275845	83276845	chr17:83275845-83276845	1433.868242	1582.625129	1320.078423	706.322668	654.609812	469.797845	1165.568103	712.082551	1195.241571
1998	-0.574238423968012	4.36063435842443	4.10542389460549	0.0591626465370743	0.156078740433579	chr10	80001995	80002995	chr10:80001995-80002995	661.97499	630.68794	592.171875	120.172943	215.049959	235.343947	411.394375	222.678689	530.281732
11925	0.330388209611855	5.93187004686249	4.04493726610189	0.0595967254438085	0.156787914988525	chr2	33583080	33584080	chr2:33583080-33584080	1436.538782	1359.543146	1781.2377	235.4409	306.91397	360.653016	1593.969088	1750.107598	1936.895582
8754	-0.4594710339159	4.21851655124565	4.00795805293041	0.0606624341349675	0.15862990179148	chr16	35159120	35160120	chr16:35159120-35160120	488.981832	535.50864	534.16928	262.690956	176.580604	214.73103	426.93494	249.922186	362.705246
12880	-0.449725412860153	4.45432925237017	4.00493006336322	0.0607506718393203	0.158822057377532	chr2	153444655	153445655	chr2:153444655-153445655	522.1631	656.297015	756.401855	235.44096	161.445134	217.252041	494.083665	324.148323	483.812543
3674	-0.471653309881957	4.29950715979164	3.97313668220517	0.061686190154194	0.160357915234633	chr11	97440030	97441030	chr11:97440030-97441030	745.38936	645.91141	438.733402	162.95559	176.58061	106.179191	455.08485	323.985237	426.857182
15988	-0.525486838450856	4.38774570368684	3.93538437370668	0.063396919959622	0.163403694671144	chr4	140004260	140005260	chr4:140004260-140005260	557.193118	520.143504	724.36534	221.270764	174.898894	312.012336	252.17342	475.70044	419.455148
21699	0.494511792523212	4.84941758432854	3.85279161481156	0.0667341565026265	0.168960062872408	chr8	12467490	12468490	chr8:12467490-12468490	521.443946	565.95482	752.35457	245.250888	206.851574	339.595203	548.32999	1054.827976	769.823264
18498	-0.782113794951101	4.43335366893767	4.0857792893197	0.0667842541307728	0.169001899478928	chr6	29394210	29395210	chr6:29394210-29395210	586.77859	524.126936	1037.312822	152.055534	112.67526	249.72857	330.17119	566.729566	244.270744
9964	-0.55864025562797	4.41568278365413	3.83801333989257	0.0674944916131415	0.170353876796145	chr17	83277450	83278450	chr17:83277450-83278450	627.047748	698.267252	583.404122	293.211114	238.383818	126.643841	465.641	231.650984	493.065386
19895	-0.515670149824172	4.1768177310809	3.75749460810776	0.0684917037394959	0.172042683774388	chr7	15966930	15967930	chr7:15966930-15967930	645.538528	587.295571	393.88237	199.470792	212.317222	105.585953	403.477478	259.057636	377.920988
21332	0.349788208433498	5.15376929904325	3.74624646498064	0.0688699851481806	0.172593391431549	chr7	142481640	142482640	chr7:142481640-142482640	795.52084	806.39286	823.51042	380.411288	351.479482	230.153652	849.17872	893.97732	1091.405296
12753	-0.422692127699455	5.43853721625599	3.72116443549424	0.0710590050080935	0.176205329758493	chr2	146836000	146837000	chr2:146836000-146837000	1113.56445	1237.759298	1305.071746	381.501552	358.206548	702.32471	765.902464	853.520216	880.033004
2434	-0.570198115158888	4.48312248222263	3.69290159236523	0.0734882360721111	0.180468866591762	chr10	127665800	127666800	chr10:127665800-127666800	797.986218	773.3859	469.421112	255.060972	217.78274	173.80157	521.94022	209.464718	528.842502
25168	0.275187370407491	5.98604575007897	3.6094455546028	0.0736710452848779	0.180706221496452	chrY	90770085	90771085	chrY:90770085-90771085	1417.020453	1608.090801	1587.499751	431.09661	547.39984	426.051046	1781.633214	1389.906244	1951.698633
18575	0.404960216114958	4.55702872773759	3.5926327771982	0.0742876085962604	0.181705036031028	chr6	34948320	34949320	chr6:34948320-34949320	557.19318	542.33792	493.701152	264.871072	150.51396	169.056192	751.828	581.41168	595.46182
11279	-0.473247201617726	4.08400145115142	3.52727111071568	0.0767425031679158	0.185634989162256	chr19	44516970	44517970	chr19:44516970-44517970	578.560513	556.28028	387.811886	150.420624	206.431136	102.323529	364.18519	289.07446	349.134592
8164	-0.469270185216695	4.19751108348983	3.46516357570016	0.0791634347169287	0.189379763177491	chr15	97801980	97802980	chr15:97801980-97802980	580.2041	514.45246	460.6532	223.4508	233.759082	170.242556	455.08496	207.507176	366.817566
22428	0.284999329335306	5.68408128680743	3.33080940228807	0.084713164087951	0.198597767038901	chr8	84930170	84931170	chr8:84930170-84931170	1073.29537	1086.3823	1280.454524	480.147054	678.153911	513.39646	1292.53433	1308.666308	1237.392348
11923	0.362573544267027	5.04475784772261	3.32324721414826	0.0850388610800809	0.199134411543636	chr2	33572350	33573350	chr2:33572350-33573350	574.45145	734.97288	882.52504	249.06591	361.990276	354.127934	816.92399	921.383908	845.490004
11617	-0.46640284937479	4.41459451079169	3.29583807464489	0.0866320449734658	0.201500964784878	chr2	18671630	18672630	chr2:18671630-18672630	799.218654	700.258648	437.72187	177.670712	237.543032	131.68582	513.72956	306.366669	461.400506
12683	0.356032445267541	5.02253012020912	3.16000169071888	0.0924418735441365	0.21046491377214	chr2	131126600	131127600	chr2:131126600-131127600	751.963958	647.04938	717.62078	483.961524	327.935406	246.169532	829.23946	762.16502	890.72532
21716	0.302436171863687	4.81921284734005	3.13699757733075	0.0935449819023863	0.212264122746228	chr8	13221950	13222950	chr8:13221950-13222950	691.55999	638.79783	533.831352	320.461128	340.968886	281.167136	732.47524	672.440642	696.21306
3002	0.359132827702717	4.77133744263206	3.100451886001	0.0953295324945706	0.215072517332005	chr11	61452140	61453140	chr11:61452140-61453140	627.86946	520.1435	617.12678	343.351308	280.847244	279.387532	813.991638	478.31058	786.27282
10103	-0.289900962735782	5.92449830637583	3.08771324248927	0.0959609895527449	0.216109712424216	chr18	11838900	11839900	chr18:11838900-11839900	1721.710006	1653.760316	1548.55031	516.661588	646.621744	871.380178	1176.417048	1204.585254	1305.245832
18023	0.40542620217024	5.39133197390653	3.0865943672923	0.0981992751026865	0.219325366497428	chr5	128951545	128952545	chr5:128951545-128952545	883.660935	765.1346	1079.971734	265.415988	421.27084	568.41385	1095.486481	1197.733633	1015.739878
18080	-0.469522152018593	4.9885460304703	3.07293846027037	0.100098745413068	0.22190795247994	chr5	135544930	135545930	chr5:135544930-135545930	1093.839758	994.76033	642.419052	471.971472	390.579586	191.300275	568.85592	692.995656	534.188355
3698	-0.456399865641458	4.51787955629612	3.0182852885813	0.100330289287634	0.222289881257083	chr11	98411960	98412960	chr11:98411960-98412960	806.204268	726.15242	586.102016	189.660588	232.077364	99.654192	611.080322	346.497918	453.998606
14087	0.264300407404921	5.88022478676927	2.98822418226697	0.101066458346601	0.223559563910389	chr3	96597150	96598150	chr3:96597150-96598150	1602.13551	1408.769448	1644.323254	201.105764	177.841903	266.930644	1669.620896	1667.561308	1784.740118
19414	0.346786659113596	4.56576905739273	2.98115142617991	0.101441489974517	0.22404184460939	chr6	117173625	117174625	chr6:117173625-117174625	545.893311	538.069598	460.484464	313.376356	250.155876	210.282183	502.880035	707.188313	583.536315
3019	0.362355500779946	4.84867732699734	2.93727256665376	0.103805348671494	0.227486009639776	chr11	62731360	62732360	chr11:62731360-62732360	673.06929	661.845452	530.122008	441.451568	290.096812	222.442212	795.22542	661.673834	735.28012
8105	-0.404415951240764	4.49524307915238	2.93620835182214	0.10386348646804	0.227540348605592	chr15	93512380	93513380	chr15:93512380-93513380	535.825756	688.59258	689.96802	174.40066	274.12041	259.812526	389.40246	574.233772	356.948024
21359	0.272454236592694	5.28869984977029	2.91841594398933	0.104841224559939	0.228966369869507	chr7	142899430	142900430	chr7:142899430-142900430	840.31007	926.46945	882.86225	382.04652	375.864428	469.501126	910.756098	947.811758	1074.134118
8296	0.243510673879927	6.31576694379872	2.91835221817877	0.104844746026702	0.228966369869507	chr15	101047830	101048830	chr15:101047830-101048830	1522.829864	1884.240198	1996.051528	812.59797	798.81756	1000.396286	2210.913924	1837.873944	1810.236794
13807	-0.470495233631304	4.32393143049017	2.90121444066947	0.106640998590334	0.231622997369703	chr3	52101630	52102630	chr3:52101630-52102630	605.68033	649.32561	460.653146	356.976382	156.820408	150.667632	331.34413	362.158933	439.605374
18537	0.219785663568441	6.70632358726932	2.85270804025253	0.108958435396547	0.234732077419814	chr6	31216250	31217250	chr6:31216250-31217250	2445.731442	2593.888588	2386.897906	916.148432	1099.424866	930.994728	3287.636156	2314.227472	2305.358342
1722	0.426779394545116	5.29035532472053	2.90250385087422	0.109172772757849	0.235032890047242	chr10	60346635	60347635	chr10:60346635-60347635	859.416605	782.633748	806.311755	500.856704	587.340955	252.694457	1097.539614	693.322007	1232.046578
18500	0.259801814014723	6.78086698472734	2.83215346041244	0.11329989109764	0.241255918700213	chr6	29433155	29434155	chr6:29433155-29434155	2334.786664	2397.126652	3040.615066	1000.35094	1209.78821	744.588115	2510.590351	3163.179138	2853.116575
19552	-0.318894091318068	4.70892315578239	2.73173926308172	0.115788280645147	0.245041220512715	chr6	124863680	124864680	chr6:124863680-124864680	832.502556	742.65574	907.143086	100.280376	126.96988	110.924642	733.061722	487.446228	603.686606
19883	-0.411502590238627	4.46616853513735	2.67615450965496	0.119599161748524	0.250494408092586	chr7	7295895	7296895	chr7:7295895-7296895	670.80947	727.005663	471.444235	275.225944	278.324797	169.946023	516.662155	275.208039	495.532713
12051	-0.345297095024753	4.63497106884276	2.66054251458162	0.120318987410958	0.251457991708579	chr2	44988505	44989505	chr2:44988505-44989505	679.644196	623.432663	754.041387	350.163673	224.509628	234.157519	383.5381	533.450115	567.703785
4158	-0.389659435748888	4.74773659213419	2.60280732010415	0.124770558652704	0.257913123417372	chr11	117463260	117464260	chr11:117463260-117464260	795.52008	627.700232	810.695804	428.371472	256.462302	224.815092	518.42124	644.055242	393.136306
15578	-0.229758616888851	6.00354602128561	2.53470951693123	0.128857179093027	0.263932807665396	chr4	128884080	128885080	chr4:128884080-128885080	1844.16042	1633.8423	1733.351058	816.412784	592.806386	581.909218	1184.627508	1454.507712	1427.79242
11924	0.236420983689786	6.12607237146012	2.5157218589487	0.130207882631599	0.265973298216396	chr2	33575300	33576300	chr2:33575300-33576300	1687.193514	1625.87494	1873.300636	386.951516	611.30552	493.5249	2009.17534	1792.523044	1792.964906
15360	-0.41490203945398	5.67489273047234	2.59072477210258	0.131466678358608	0.267705836595511	chr4	121039210	121040210	chr4:121039210-121040210	1782.113768	1527.707866	1200.193756	479.601788	512.924742	427.682238	1249.13691	535.40774	1320.460876
13964	-0.46357850731419	4.410798610741	2.52698989971083	0.131635219523598	0.267850998797396	chr3	87948020	87949020	chr3:87948020-87949020	558.014838	639.650982	798.555868	71.940296	156.399974	200.494768	377.67358	525.293168	422.744964
12492	0.315928062928848	4.92280013913386	2.45132304013489	0.134917718718364	0.272492781698408	chr2	116071630	116072630	chr2:116071630-116072630	697.724112	695.705814	832.952862	159.140628	148.411806	246.466	850.937972	882.23199	804.366752
840	-0.25554220425655	5.67810477525666	2.39192678393316	0.139445074664356	0.278475788895115	chr1	133800580	133801580	chr1:133800580-133801580	1272.175362	1603.11215	1434.567006	386.951256	581.034622	429.46169	1075.54779	1196.754878	1028.898166
24164	0.374423913435183	4.55995570038361	2.38742761942683	0.139828007831619	0.278626484768744	chr9	66919035	66920035	chr9:66919035-66920035	645.949331	554.146075	394.219117	276.316057	233.759089	125.902427	587.915625	669.993916	627.743225
18258	-0.370523663328492	4.99371994088282	2.34484153814562	0.144554477917327	0.284931604252581	chr5	143464200	143465200	chr5:143464200-143465200	1023.985684	916.226574	693.340462	428.371704	362.410826	301.928318	784.669144	356.938336	725.410474
4965	-0.334181006397564	4.68955533188082	2.30939815986828	0.146045028329803	0.286771601941428	chr12	102389620	102390620	chr12:102389620-102390620	804.560472	701.68195	634.662804	248.520944	340.548386	240.237676	635.71116	346.497738	574.077584
9358	-0.324607673629514	4.23169907013737	2.30980762544918	0.146011358610645	0.286771601941428	chr17	26885950	26886950	chr17:26885950-26886950	519.388952	478.884766	565.193672	183.120692	227.032086	169.056162	429.867706	293.968517	421.922226
4407	-0.307817263648108	5.03817560141696	2.2966126664074	0.147101122336999	0.288251920511544	chr12	4132945	4133945	chr12:4132945-4133945	1134.931983	969.862825	766.013185	347.438714	210.004795	252.101221	716.34815	576.354408	830.685411
18578	-0.302595772165407	4.85393425842265	2.2534334432012	0.150737101753947	0.293078571961768	chr6	34995080	34996080	chr6:34995080-34996080	972.211882	747.777108	661.640692	391.311612	312.799874	224.22184	587.622178	546.174204	631.649762
20298	0.334088910562401	4.64141973918078	2.22444455320649	0.153239672758582	0.296592534886246	chr7	44623450	44624450	chr7:44623450-44624450	604.447429	498.518484	515.284046	343.896244	268.234344	236.382026	606.975072	422.51844	845.901606
11821	0.260274268441788	4.83980910276931	2.16054837455769	0.158937293441094	0.303881247236319	chr2	30604870	30605870	chr2:30604870-30605870	656.63316	722.4532	700.42223	246.88596	232.077367	176.767579	821.02868	773.25742	683.05382
5466	-0.382790630736378	4.41396564642369	2.14741563776091	0.160662734667414	0.306294965773878	chr13	20093050	20094050	chr13:20093050-20094050	520.210963	600.099914	647.140216	295.93612	230.816078	190.707216	283.25525	609.47054	344.199814
21841	0.584628536843229	5.48750921120993	2.29609866728497	0.163197950324314	0.309651655613468	chr8	20328250	20329250	chr8:20328250-20329250	705.94184	645.62695	1504.03587	223.450816	330.878414	462.976318	1025.699228	1698.557005	1207.78365
4694	-0.346808746290104	5.38235377737916	2.10389508692048	0.167133518996948	0.314440390165509	chr12	73051915	73052915	chr12:73051915-73052915	1002.002555	997.889912	1434.567217	421.831652	471.091979	496.787563	999.309795	479.941907	1008.954024
17548	0.320449487938916	4.97733517211435	2.04953412038729	0.169871894153455	0.317716110867824	chr5	113794950	113795950	chr5:113794950-113795950	740.45861	751.19201	622.18541	419.10656	347.27518	198.418511	984.061844	655.47451	774.75841
16719	-0.273185932621174	4.97585662612346	1.95548314440256	0.179068584633956	0.329623035149479	chr5	30624250	30625250	chr5:30624250-30625250	740.04755	877.52903	924.00432	309.561188	283.79038	439.249256	570.61542	661.67396	695.80214
22074	0.162262520969201	6.55713769290719	1.9552507495488	0.17909313066348	0.329623035149479	chr8	36102550	36103550	chr8:36102550-36103550	2332.731868	2333.531317	2360.932324	740.112426	858.93897	718.04308	2698.254457	1978.822576	2530.300709
23045	0.333971198418711	4.61192702938891	1.95062678414545	0.179612143317558	0.330047312196803	chr8	119847180	119848180	chr8:119847180-119848180	549.796288	536.077546	514.60966	186.390632	407.817172	207.019606	657.996182	549.437186	639.87488
18538	0.346310124128974	5.67011338230521	1.97890066543229	0.18172810695173	0.332672537920437	chr6	31219920	31220920	chr6:31219920-31220920	1041.244142	1399.94837	1345.53897	180.940624	397.726922	193.969826	1653.786624	1185.009	1579.125432
14251	-0.246840018327303	4.64567568785907	1.92533748332734	0.182287808295599	0.333115649966742	chr3	107895620	107896620	chr3:107895620-107896620	659.920298	711.92534	642.08168	299.751164	278.324662	234.306002	457.43064	533.77648	562.563522
14022	-0.266005283690282	4.58046512837306	1.91105049428701	0.183838612766113	0.334928269613485	chr3	89355645	89356645	chr3:89355645-89356645	703.065999	641.073885	636.854932	234.895776	282.318756	189.96572	549.20974	417.298375	542.824137
24045	0.32530991508428	5.1292350704523	1.91866922738459	0.184393601906756	0.335575022877162	chr9	58157140	58158140	chr9:58157140-58158140	864.55302	828.01836	717.62068	334.63124	433.042946	179.733482	917.206564	736.06338	1116.079626
24140	0.250104502426008	5.29734103033015	1.90344504559234	0.184670854612835	0.335855718323339	chr9	65123430	65124430	chr9:65123430-65124430	1064.254558	812.368278	833.627088	483.96176	436.40647	287.395417	937.145924	986.963611	1023.552136
10093	0.780780317743848	5.74271832742414	2.11792323486432	0.187518333730546	0.339396587204381	chr18	10324710	10325710	chr18:10324710-10325710	1411.062262	1154.103436	995.15942	133.525502	138.741904	30.845331	2396.232628	776.194266	2449.699846
14446	-0.365435179252654	4.98704925149987	1.88251398063117	0.19021286096586	0.342720845991103	chr3	145652870	145653870	chr3:145652870-145653870	1149.31367	1103.73936	494.375978	352.071304	337.184867	213.248076	672.07078	534.428887	740.62645
13434	-0.266900987278652	4.54956377907793	1.82243789656846	0.193833658259763	0.347058358450592	chr2	172944130	172945130	chr2:172944130-172945130	600.338574	643.91926	685.24685	237.075952	230.395646	234.602476	594.65954	368.357738	507.869808
6727	-0.442521789903787	4.04287841316592	1.83099988855027	0.194720648276844	0.34820063918152	chr14	34894390	34895390	chr14:34894390-34895390	528.0184	409.74101	628.25555	39.240116	136.21934	111.517814	377.08716	297.231087	383.677951
6778	0.211534867890093	5.88268683578897	1.76453803148358	0.200733539604141	0.355743026214381	chr14	48673630	48674630	chr14:48673630-48674630	1370.793402	1457.710158	1423.101838	397.306356	544.87763	627.28701	1579.893725	1522.697736	1399.828228
12531	-0.303027365948924	4.37642251362814	1.71525987133342	0.206851091604735	0.363031526713589	chr2	118779205	118780205	chr2:118779205-118780205	568.904062	650.890553	522.871975	266.50598	213.998888	128.571707	487.339205	363.300677	442.278385
15393	0.311157658225151	4.55636447678868	1.66999165789787	0.21267996108945	0.369399215894601	chr4	123685945	123686945	chr4:123685945-123686945	597.256644	586.7263	470.095464	160.230568	251.417146	169.501169	794.638888	397.88509	688.19433
21863	0.408335298255047	5.43053608479298	1.7341397269635	0.213703125425348	0.370669765091222	chr8	20524410	20525410	chr8:20524410-20525410	743.335318	678.633754	1481.104452	272.501052	386.375178	413.445904	1106.6294	1507.689536	916.632802
19545	-0.335540188307528	4.53967727645871	1.65866966580935	0.214961911138222	0.37200057353121	chr6	124762445	124763445	chr6:124762445-124763445	617.596825	656.012425	741.56386	264.053532	238.804254	109.145084	548.916823	356.122723	562.152245
10104	-0.192110713366862	5.81593425455457	1.64272928912613	0.216291087115173	0.373555916530692	chr18	11840230	11841230	chr18:11840230-11841230	1628.023206	1432.954912	1457.498656	543.912224	557.490522	644.19217	1412.756302	1154.993048	1045.75912
2384	-0.358445505990546	4.4741404489426	1.63285255597742	0.219266468794015	0.377055622937793	chr10	122963200	122964200	chr10:122963200-122964200	656.63336	700.543142	525.40086	274.680972	295.982766	107.365488	355.38854	461.34447	527.1975
6583	-0.17625365453851	6.28484980831234	1.60989141980976	0.220745047833583	0.378804943677879	chr14	25460410	25461410	chr14:25460410-25461410	1946.477368	2420.601798	1898.255408	717.76748	756.354228	880.870562	1857.284525	1400.999552	1821.339985
4851	-0.266799824526149	4.48133157864163	1.58454697169752	0.224262971709584	0.38319584079827	chr12	86078015	86079015	chr12:86078015-86079015	606.70752	620.72918	613.079925	292.666041	206.220949	173.801645	465.05441	373.578056	565.647749
8102	-0.301825916455446	4.14629907615313	1.58179130566987	0.224649781589169	0.383674448857827	chr15	93504870	93505870	chr15:93504870-93505870	612.665966	497.380025	405.68495	162.410652	197.602119	111.51781	442.76951	343.235186	335.975324
11899	0.325823679915811	4.74013792549647	1.53665255340114	0.232726936606819	0.392962851701129	chr2	32314370	32315370	chr2:32314370-32315370	461.451288	616.318734	673.106918	217.455506	462.052834	199.011701	623.982004	686.470324	702.381957
7268	0.303013315911016	4.58094805277033	1.51251765890311	0.235034416644451	0.395664586484127	chr15	12372845	12373845	chr15:12372845-12373845	641.223985	610.058825	473.46775	207.645764	218.833822	98.319548	756.519725	508.653575	681.820295
9634	-0.231094930826125	5.18552313491439	1.4850526904333	0.238789746652333	0.399968908857632	chr17	44188445	44189445	chr17:44188445-44189445	949.405818	1027.197674	918.777271	306.291158	464.154884	443.697955	631.312685	893.81419	728.70034
4005	0.282427553765915	4.9349598018651	1.44064775640167	0.246418761399959	0.408141208586178	chr11	113802340	113803340	chr11:113802340-113803340	803.739058	615.1805	635.33712	429.461684	376.705326	184.478898	864.426082	668.19892	752.5518
19124	0.252113745767181	4.54656585060063	1.41044314099326	0.250490274783548	0.412658052495556	chr6	90735740	90736740	chr6:90735740-90736740	521.85468	653.309248	613.079928	101.370428	140.423632	126.347314	697.87454	470.480108	788.740298
25154	0.196616357263604	5.61498862745087	1.40733914001988	0.250993074502569	0.413161850369861	chrX	169996520	169997520	chrX:169996520-169997520	1220.40104	1295.23758	1149.94666	432.731384	374.18274	296.589696	1480.197366	1002.951254	1366.107562
348	0.278619826423515	5.30377184503663	1.41685475129158	0.251354726619884	0.413516570206908	chr1	75382410	75383410	chr1:75382410-75383410	938.517302	879.521052	883.874146	483.96238	494.005254	217.10379	1142.402628	782.066874	1079.890994
14088	0.319155860191749	5.28891211314875	1.42564186922018	0.252343704048759	0.414712686878524	chr3	96684110	96685110	chr3:96684110-96685110	1123.426286	927.89236	735.49387	319.371338	311.95906	263.371727	1294.293354	535.73386	1361.584168
4846	-0.238425069269575	4.91518359098471	1.35271537353139	0.260061752960119	0.423327788142106	chr12	85705260	85706260	chr12:85705260-85706260	843.18582	810.94608	779.670972	368.421428	387.636526	210.578852	616.94474	525.29332	750.08492
6775	0.178719579641664	6.29501757498679	1.33045964896282	0.264456219553498	0.42822575136842	chr14	48665940	48666940	chr14:48665940-48666940	1630.4878	1993.503252	1864.195156	774.99198	686.982762	1058.824644	1744.100748	2066.588172	1873.566348
10805	0.56951208600417	4.56213071998675	1.40603556898173	0.2653689002866	0.429133508933381	chr18	82917360	82918360	chr18:82917360-82918360	562.12403	728.997302	393.882128	120.990424	50.451612	23.134004	932.454684	415.014324	946.240766
11411	-0.206347809091722	5.1842725754157	1.31775262168844	0.266093566697559	0.429783031522227	chr19	47918570	47919570	chr19:47918570-47919570	1072.063128	983.378452	951.99389	432.186514	316.163368	254.177341	751.82813	736.38935	899.77194
20342	0.214331145781387	4.72801395209183	1.29869994619965	0.269458572903852	0.433271757581105	chr7	45857100	45858100	chr7:45857100-45858100	758.53856	578.75912	589.47408	262.690996	196.761252	207.019718	683.80006	586.63194	777.22598
8278	-0.205980640821485	5.20419386860191	1.26361909018718	0.275803765904162	0.440302462355408	chr15	100871265	100872265	chr15:100871265-100872265	1226.56424	993.479628	762.640915	417.47144	371.449957	340.039894	672.364286	758.412895	934.315701
2921	0.239689150366651	4.42008307416066	1.26105435582701	0.276275433333646	0.440657565372278	chr11	58953370	58954370	chr11:58953370-58954370	424.469286	649.61001	459.641322	168.950666	211.476302	166.683488	541.879322	628.394048	483.195582
1758	0.209674745801856	4.90410227917638	1.24952683061846	0.278408758451436	0.443105478782356	chr10	61176790	61177790	chr10:61176790-61177790	694.436696	685.17793	725.03939	388.041432	256.88274	245.576342	796.984426	746.177548	683.05409
2322	-0.205324443804584	5.00885613782771	1.24524021116845	0.279207672689704	0.443909595766228	chr10	120200870	120201870	chr10:120200870-120201870	1161.23021	877.52829	811.369656	183.120728	174.05803	231.339928	694.942006	725.622772	840.55494
15275	0.248449112269164	4.97830451111225	1.15624873058304	0.297139910527575	0.463882546090345	chr4	117495250	117496250	chr4:117495250-117496250	792.233064	914.803891	742.575888	110.090386	184.98923	151.260773	1094.900825	557.919857	1017.383969
16803	-0.226083453986069	4.39498586432313	1.15256059894737	0.297261535467443	0.463988200085584	chr5	34549465	34550465	chr5:34549465-34550465	512.1985	461.243293	701.77098	252.335898	191.08545	237.568382	430.45398	418.113804	466.3352
839	-0.1858612424642	4.89663445818313	1.12412128949501	0.303117870787834	0.470297971264887	chr1	133799220	133800220	chr1:133799220-133800220	691.971732	788.751162	938.167678	281.221028	315.322606	255.660336	629.8461	649.92812	670.306022
14076	-0.206975785049292	4.92873269443839	1.10717700685464	0.306682259493318	0.474297469500889	chr3	95988900	95989900	chr3:95988900-95989900	1034.66999	811.5148	691.991264	293.211044	317.004272	202.867388	755.3467	585.97934	667.838362
19894	0.302341840267717	4.91328160669666	1.10400789882854	0.311190369799101	0.478457569790688	chr7	15957135	15958135	chr7:15957135-15958135	645.127458	710.502023	727.737567	358.06628	336.974668	131.685877	990.219513	569.176385	796.759025
25155	-0.281712916479046	5.24233168700287	1.07335489319978	0.317850431586657	0.485290709547306	chrX	169997710	169998710	chrX:169997710-169998710	1305.458214	1314.870284	676.479038	400.576298	334.66237	187.444705	691.423524	753.029236	1035.478388
15472	0.182894561271983	5.15104106713161	1.0441865098641	0.320450758328948	0.487896989678864	chr4	125282070	125283070	chr4:125282070-125283070	927.833531	759.443498	803.95097	412.566658	429.679645	279.684018	775.87229	953.685269	855.359474
1518	-0.221229777754887	4.45337563490062	1.02402413267612	0.325038787179214	0.4920593238019	chr10	21881920	21882920	chr10:21881920-21882920	530.07283	635.098434	720.318524	206.010752	146.309648	133.465464	500.8276	386.955078	599.573884
14701	0.132162237174677	6.13584700839132	1.00262166621386	0.330010036875608	0.497098726322471	chr4	43453150	43454150	chr4:43453150-43454150	1573.371968	1628.7201	1951.874522	715.58789	623.49795	642.11627	1596.900864	1892.035124	1683.577643
11737	0.228604649202152	4.59837041734367	0.98360275282385	0.33451766236136	0.501218897724316	chr2	27024200	27025200	chr2:27024200-27025200	670.604118	560.54846	455.93198	264.87096	315.322504	152.447174	622.80924	511.590036	674.4184
14620	-0.229947136875963	4.30719848038034	0.980784142344882	0.335193061494686	0.501872347695405	chr4	33030790	33031790	chr4:33030790-33031790	635.265746	658.715324	507.86504	137.340484	91.65376	69.402036	378.84652	481.899542	545.291732
11822	0.227726061801246	4.51413157394979	0.977937713141695	0.335877081270177	0.502657287340296	chr2	30606745	30607745	chr2:30606745-30607745	568.492945	425.675521	589.136785	158.32307	256.252119	277.311412	612.5462	459.223652	629.79945
11547	0.120092155913107	6.13731335346903	0.969130201256248	0.338006133047688	0.504822950550514	chr2	4400580	4401580	chr2:4400580-4401580	1625.556396	1888.79237	1557.317572	739.023104	766.864448	690.4605	1523.594668	1754.675226	1764.589834
4160	0.213150002250643	4.56381702592746	0.96487102411596	0.339042563344328	0.506119325489493	chr11	117860650	117861650	chr11:117860650-117861650	510.34923	559.695	546.98332	361.336408	224.930056	193.673151	564.16435	490.056248	665.782148
1	0.239365328473419	5.9493079821679	0.964004037962932	0.344933255946996	0.511895853804908	chr1	3670720	3671720	chr1:3670720-3671720	1720.88821	1487.586998	1004.26442	798.972604	839.178704	405.73473	1290.189018	1726.615902	1517.44059
15270	-0.272345955578378	5.10638322489236	0.95156758612044	0.345919343983076	0.512928241352071	chr4	117303000	117304000	chr4:117303000-117304000	1148.080556	1004.15016	723.69076	286.670968	396.885922	323.282734	808.127	373.90444	1005.04726
7269	0.237539969040749	4.4513619409983	0.855745069607721	0.367565653710953	0.533552104403424	chr15	12375240	12376240	chr15:12375240-12376240	488.160518	642.4967	515.284144	150.42056	190.03437	77.113356	733.06154	508.97967	532.95469
6964	-0.254170979985099	4.33289825933533	0.85511735116485	0.367991858866708	0.533955211334958	chr14	65968175	65969175	chr14:65968175-65969175	599.105963	672.37378	394.050723	249.338365	232.07737	113.742172	413.153665	320.070016	546.525246
5146	0.188922936796804	4.75549056961481	0.849430132652805	0.368958874022397	0.534867418907726	chr12	108435260	108436260	chr12:108435260-108436260	629.512856	559.410134	728.411898	249.610892	339.707468	201.681086	723.678424	697.5634	578.190142
12701	-0.170395082379713	5.82675386224667	0.832436814663991	0.37426954910953	0.540235584996708	chr2	132879100	132880100	chr2:132879100-132880100	1720.887902	1407.346258	1694.232998	564.621676	439.76986	275.23527	1188.146102	1348.796754	1387.491434
11332	-0.175572693407941	4.29952792680335	0.792732121995345	0.385075851675778	0.551118737110637	chr19	45028465	45029465	chr19:45028465-45029465	621.089426	601.09576	506.684775	120.99044	107.209664	118.339352	489.978675	382.224166	530.076056
4760	0.105550145621388	6.26039962713152	0.781808892697762	0.388300662688771	0.554032844626626	chr12	80519790	80520790	chr12:80519790-80520790	1770.197612	1856.922998	1893.534294	865.463162	796.71525	778.250918	1871.359948	1536.07523	2041.347436
21057	-0.149149974697976	5.16077696399129	0.765914905128834	0.393065713763969	0.558362735620574	chr7	127944065	127945065	chr7:127944065-127945065	988.442399	1005.572384	816.091082	337.901151	459.109787	341.522942	837.742711	753.844807	723.354601
3281	0.227591559975349	4.89410625087399	0.752785210615389	0.398761760258136	0.563148622148863	chr11	77933910	77934910	chr11:77933910-77934910	783.193214	713.06303	688.281684	340.081376	146.730086	200.791278	856.801934	518.11544	974.2051
2994	0.171292786040875	6.14856104755077	0.749685623485955	0.400853983565222	0.565139941544684	chr11	61021655	61022655	chr11:61021655-61022655	1723.970097	1739.975751	1930.62924	423.739015	372.71128	714.78076	1927.365443	1639.665378	2004.132032
11977	0.235342449680054	4.4908952562014	0.722623215504276	0.407529692432198	0.571713663052561	chr2	35264860	35265860	chr2:35264860-35265860	675.53488	474.61661	407.371132	361.88142	170.694596	156.006214	622.80908	462.64958	590.5269
19580	0.286450397626562	4.5519421029696	0.720243967412837	0.411298334871076	0.575207109579433	chr6	125588130	125589130	chr6:125588130-125589130	662.79667	516.159838	484.596156	163.500584	252.258072	166.090343	798.7441	257.426281	808.890072
3431	-0.134533336422577	5.73203529048918	0.705779488385282	0.411920018007779	0.57572273063293	chr11	87358570	87359570	chr11:87358570-87359570	1501.462822	1515.757079	1210.647716	658.362538	515.026836	414.928702	1069.097078	1228.729042	1222.588338
2118	0.169926434032267	4.71337535197399	0.656827252136226	0.428317082915432	0.590831560884495	chr10	84855340	84856340	chr10:84855340-84856340	692.792814	655.585424	548.332212	336.811124	226.19135	175.581132	690.837444	579.453836	681.82024
13930	-0.150756068073351	4.90786565154333	0.65131699391816	0.430226622125092	0.592394214796567	chr3	84444740	84445740	chr3:84444740-84445740	755.251676	922.486274	712.2252	283.401048	359.047306	259.219494	741.2719	533.77628	696.624442
10789	-0.208257046665651	4.42744675636421	0.651302059677242	0.430518639348591	0.592699028211611	chr18	82485070	82486070	chr18:82485070-82486070	624.17117	487.42104	666.699646	154.235602	210.635444	216.510523	630.432892	278.30754	504.991034
18261	-0.226644474885078	5.90716345043912	0.669410472038815	0.430515954838853	0.592699028211611	chr5	144357620	144358620	chr5:144357620-144358620	1961.680576	1784.649784	1307.09453	661.632112	644.939804	290.06473	1253.827966	990.553274	1715.653698
14303	0.188167617733742	4.6254322408159	0.635341396882471	0.435839668922172	0.597703297940508	chr3	122043680	122044680	chr3:122043680-122044680	588.42212	537.2159	631.29028	323.731276	253.939728	139.397238	665.0338	501.14942	670.306022
4809	0.151169889068673	4.52251527195951	0.615705509149305	0.442900199217051	0.604332346224881	chr12	84593415	84594415	chr12:84593415-84594415	515.896676	472.055802	655.908009	248.793557	213.788667	222.590554	601.990425	524.640641	547.14238
3585	-0.135232114588074	5.30823460216941	0.599565438850896	0.448842449693482	0.609162341134281	chr11	95833680	95834680	chr11:95833680-95834680	1114.386022	975.41086	1015.72988	487.232124	382.59132	377.85528	785.84186	709.961476	1100.453082
10591	0.174857335450261	4.89178496040739	0.583546485413145	0.455103011109427	0.615204236887758	chr18	67389760	67390760	chr18:67389760-67390760	792.23314	656.1549	655.5707	324.821272	373.341922	208.205968	829.23892	476.352894	874.275886
22072	-0.10413418007245	6.4257842468333	0.550637121309899	0.467697312639883	0.626275466154139	chr8	36094250	36095250	chr8:36094250-36095250	2335.608792	2423.731267	2205.132667	769.54245	840.86067	639.150196	2441.389172	1551.083553	1939.773562
15726	-0.154689032324799	4.60904405248357	0.540444985570262	0.471762981022366	0.629895894092429	chr4	133212600	133213600	chr4:133212600-133213600	676.35632	556.56502	728.4118	245.250928	195.920392	255.067038	503.17382	418.9295	698.26922
5337	0.174966864403102	4.46567844648764	0.540285218553517	0.471827537499486	0.629895894092429	chr12	112617630	112618630	chr12:112617630-112618630	607.734938	517.013266	412.76684	294.301048	290.096832	141.176761	496.136338	533.77629	555.983486
25153	-0.0971050411273998	6.36065218044529	0.53964180332051	0.47208767015834	0.630076072235404	chrX	169993520	169994520	chrX:169993520-169994520	2081.666604	2181.301328	2066.53214	895.98286	856.836416	899.259268	1952.87613	1366.415014	2111.256996
19550	-0.162196989379259	4.57524262827162	0.500601449838887	0.48833855943146	0.64397952438072	chr6	124856790	124857790	chr6:124856790-124857790	685.807771	766.55664	542.936752	268.68591	174.058026	128.126864	589.968	542.585472	495.121524
22367	-0.178789098563319	5.6140943936764	0.495765340814966	0.493353146834108	0.648384175900353	chr8	80057270	80058270	chr8:80057270-80058270	1431.607576	1387.713396	1167.819526	499.222098	492.744125	412.259471	1290.774284	541.606432	1405.174204
8405	-0.166648729680007	4.68278253117508	0.47828009292033	0.498276062319307	0.65318282356847	chr15	102692125	102693125	chr15:102692125-102693125	643.277985	605.07909	778.658598	161.865596	330.037573	311.567376	457.137455	628.068111	569.142811
7092	0.120080822035132	5.21983672350171	0.474328475572862	0.499824861523736	0.654361089190685	chr14	76254630	76255630	chr14:76254630-76255630	957.00737	989.63806	772.25157	391.856418	384.27302	322.689576	1030.977162	696.91081	977.9062
23849	0.153708939698693	4.50384011156065	0.454952704211119	0.508603303260537	0.66203126498575	chr9	44720945	44721945	chr9:44720945-44721945	674.713201	624.143987	461.83344	178.760643	169.643514	91.201386	582.05105	530.839715	679.14726
21319	-0.13910906185402	4.68019897600713	0.441854143282507	0.514694732789242	0.667096746978343	chr7	142280405	142281405	chr7:142280405-142281405	641.01844	557.560674	827.388503	239.528385	281.267678	247.949074	443.649205	681.24998	560.301658
9101	0.111706163531014	6.16319791792843	0.432056021375726	0.519878010599953	0.671881031611058	chr17	5940485	5941485	chr17:5940485-5941485	2004.005289	2003.177537	1403.710825	715.588453	706.532834	428.27542	1608.630703	1786.160094	1949.026492
23698	-0.105425044682804	5.8707008983394	0.415174418458974	0.527519091583489	0.679119408932006	chr9	37144435	37145435	chr9:37144435-37145435	1789.304165	1498.40052	1426.473319	500.312025	679.41526	397.874953	1223.626509	1335.90913	1449.381472
2920	-0.132607784751972	4.35213452624085	0.412936724544373	0.528621330408428	0.679860514310154	chr11	58948440	58949440	chr11:58948440-58949440	557.19324	512.745358	569.914848	247.430868	159.763416	158.972134	449.22048	477.65801	441.66159
20674	-0.154207765837347	4.90153488169117	0.410586675776446	0.530239063974926	0.681189962128573	chr7	80687895	80688895	chr7:80687895-80688895	939.54401	742.79809	909.671793	157.778069	236.281668	160.751768	723.971638	434.590455	985.925208
3293	0.134783086341855	4.48474596723986	0.382390293751869	0.544109081689207	0.692700125292649	chr11	77975985	77976985	chr11:77975985-77976985	614.30972	469.352645	521.016845	306.836068	211.266088	169.352867	458.603685	584.67448	568.32046
8286	0.13742288790851	4.86350932101033	0.378912226039729	0.545926990329789	0.694001650075883	chr15	101016160	101017160	chr15:101016160-101017160	657.454912	762.57346	637.360592	313.92116	364.933222	266.930626	951.220586	452.208846	669.48332
613	-0.0927793825938385	5.28794543879496	0.372335103795791	0.549396674240454	0.696742098035706	chr1	92831755	92832755	chr1:92831755-92832755	1042.887754	1103.312535	925.85875	346.076257	404.663915	392.388009	868.237805	877.990435	888.052102
23847	0.146314019224549	4.42624207980549	0.366594534961337	0.552459913592846	0.699334283821272	chr9	44711390	44712390	chr9:44711390-44712390	527.196872	492.543014	560.13538	215.820784	183.30749	173.801668	708.43043	312.239596	585.180828
10800	-0.116451544870159	4.66254772001411	0.363594528085317	0.55407394090922	0.700672613110796	chr18	82869690	82870690	chr18:82869690-82870690	774.975048	628.838636	719.9813	187.48068	220.725806	134.948436	627.500974	548.784516	617.667996
2209	-0.159688008712914	5.76876445382271	0.368399125228815	0.555029748065266	0.701317522418529	chr10	100015120	100016120	chr10:100015120-100016120	1751.706238	1566.121724	1386.680632	377.141636	536.468972	185.665228	1225.679168	1425.143584	1193.391046
3925	0.0972843780314684	5.45716619130513	0.354317149378832	0.559123880395984	0.704380303172593	chr11	105292210	105293210	chr11:105292210-105293210	1035.902368	1143.290742	1150.621756	419.10668	359.047228	336.629221	1226.265556	846.668734	1195.447318
9578	-0.107455073451529	4.48607218542007	0.33586864992878	0.569440314497568	0.713259842519623	chr17	35703360	35704360	chr17:35703360-35704360	559.658906	607.213562	561.8213	248.520872	216.941888	248.542124	419.89796	511.590036	537.889826
21520	-0.107438673493659	4.72269529842219	0.296123634965125	0.59303146259261	0.732672731297536	chr7	145308020	145309020	chr7:145308020-145309020	851.40404	566.23932	639.38386	246.340944	304.391346	265.151266	666.2065	482.2257	598.75174
2441	-0.0913194726626879	4.92601770229937	0.293585442792456	0.594607347435391	0.734043178713035	chr10	128892350	128893350	chr10:128892350-128893350	915.095177	763.14269	728.07469	313.921132	263.609618	281.463596	666.79252	631.330957	769.82377
2119	-0.101511625330216	4.54388628554103	0.256921073294606	0.618424983691585	0.752422387450299	chr10	84856970	84857970	chr10:84856970-84857970	556.782028	540.346096	702.783236	304.656018	219.464521	209.985494	498.48194	545.522048	492.654029
4067	-0.106177736645845	4.38856169880735	0.234088536866051	0.634369573444482	0.76449355010889	chr11	114850955	114851955	chr11:114850955-114851955	614.51507	597.96578	645.622525	73.575268	111.8344	80.52414	548.330145	380.592965	657.55773
1897	-0.145245339900768	4.86200856872943	0.235146301547006	0.635360522554713	0.765174840527277	chr10	75780480	75781480	chr10:75780480-75781480	751.9642	728.997562	936.818606	361.881044	110.152674	218.88318	707.257926	570.31852	729.522702
11620	0.0810984406134965	5.24143054086328	0.224943617760707	0.641027903895683	0.768873013398324	chr2	18680620	18681620	chr2:18680620-18681620	883.455092	1045.977664	945.587142	277.950908	358.206626	336.332664	787.01468	890.71508	1111.967488
21915	0.0868736784449556	4.49408380539362	0.187480899493785	0.670189321757072	0.790998011402401	chr8	22792290	22793290	chr8:22792290-22793290	583.491239	567.94651	567.55444	243.070968	151.354812	161.64146	506.69224	551.72109	613.96728
25166	-0.106969222044459	4.33788418181255	0.163082276484885	0.691246871089287	0.804977216190814	chrY	90765145	90766145	chrY:90765145-90766145	604.036933	567.234579	437.55296	258.331216	179.103187	131.685944	378.25987	332.794497	661.464357
7700	-0.0735101019604713	5.15261897171177	0.131455022871867	0.721170023264968	0.825558035882016	chr15	78801395	78802395	chr15:78801395-78802395	1027.273469	1143.00629	1024.329115	120.172933	150.303734	79.782674	972.626189	689.733059	1124.920948
11510	0.109181543962439	4.37307926804035	0.130127361648818	0.723216157169974	0.827053817066249	chr19	58965925	58966925	chr19:58965925-58966925	555.54924	455.694615	558.78635	161.048089	203.277918	140.583643	293.811365	830.355075	418.63262
7227	-0.0771675315652065	4.68574429478255	0.128790175141728	0.723884150455537	0.827535078363661	chr14	122482030	122483030	chr14:122482030-122483030	684.163619	648.47185	683.89803	287.21611	195.920394	254.473971	504.34668	765.753878	473.326092
19548	0.0648279038205021	4.69503889189775	0.127142598704696	0.725578171540726	0.828648647046614	chr6	124778650	124779650	chr6:124778650-124779650	557.60406	652.45568	719.30683	264.871004	246.792418	232.822949	542.46595	670.48312	636.17362
21052	-0.0519765153196372	5.78829965277651	0.126583065654697	0.72615630590178	0.829060016477292	chr7	127343345	127344345	chr7:127343345-127344345	1448.249772	1377.753833	1371.336975	527.834404	628.332915	612.605842	1256.46708	1011.108056	1446.503
10592	0.057867017033982	5.04626140888198	0.119593002050664	0.733503989084874	0.835133592908817	chr18	67464380	67465380	chr18:67464380-67465380	795.520316	896.877596	831.604	283.401076	342.230208	237.864884	817.51056	802.621738	783.804978
9667	0.0984425669968158	4.6393776253241	0.100878284211027	0.755466541655579	0.850007918162093	chr17	45886040	45887040	chr17:45886040-45887040	780.72766	632.82218	532.145388	156.960608	266.55263	109.145104	680.28142	368.684124	864.4063
8064	-0.0548596941616064	5.27571145729459	0.0937211895594917	0.763027701392896	0.855429742467249	chr15	89460020	89461020	chr15:89460020-89461020	1015.768296	899.15428	1052.825062	340.081232	510.40208	344.63716	985.234384	820.893156	808.478824
9961	0.0627543147847398	4.41706477942975	0.089202423438691	0.768630080011356	0.859386543636703	chr17	83268270	83269270	chr17:83268270-83269270	523.909397	559.979272	479.200868	176.035646	289.676317	201.384378	472.09187	442.420819	581.89134
2995	-0.068303284297019	5.72195797197065	0.0837279077505246	0.776549109845039	0.864673526552152	chr11	61023100	61024100	chr11:61023100-61024100	1415.171584	1389.704838	1359.703022	295.391096	460.79146	702.3243	1181.108538	1048.62892	1412.988006
2871	-0.0557278113886801	4.45510762966981	0.0702711051631966	0.793968412917719	0.876003462420045	chr11	54304090	54305090	chr11:54304090-54305090	606.91283	642.4968	428.279272	194.020718	247.212843	237.864986	578.82569	414.361662	481.550924
3286	-0.055529226974772	4.71145897453126	0.0681691811306262	0.796999005492277	0.878384550038758	chr11	77947590	77948590	chr11:77947590-77948590	789.35653	706.80344	760.448804	140.610604	125.708583	121.008683	848.006016	429.37007	714.71876
24413	0.0784111022679807	4.33879742566678	0.0684072834714503	0.797080151202924	0.878397054408091	chr9	102258180	102259180	chr9:102258180-102259180	431.454748	554.8576	559.12346	76.300268	208.533288	210.578724	403.47736	576.843832	514.03812
19906	-0.0504977342093865	6.04253314066346	0.0659699753684411	0.80077352016886	0.881039898982779	chr7	16174590	16175590	chr7:16174590-16175590	1585.69919	1748.796943	1739.421334	814.233346	793.351544	396.243776	1605.698215	1280.9322	1605.44417
16866	0.0489945017927839	4.86570201950427	0.0652862023491708	0.801238341913015	0.881204624321987	chr5	35894025	35895025	chr5:35894025-35895025	910.369351	756.313804	678.670885	210.915743	168.172014	192.931605	874.688931	565.261236	780.926828
15907	0.051369140307562	4.59241443022273	0.0602094920050611	0.808953911612446	0.886243623286047	chr4	137992520	137993520	chr4:137992520-137993520	673.89098	571.3612	668.38534	186.390788	181.625772	140.58363	586.4497	442.4209	794.497562
12305	0.0534941269863333	4.42905043774499	0.0571526531408601	0.81376765841186	0.888985893945981	chr2	92025520	92026520	chr2:92025520-92026520	438.029136	462.096774	675.1298	204.920856	211.896722	255.06717	406.99608	580.106494	512.393244
6875	0.0403808149458356	6.10626884379301	0.0548200610529139	0.817694973734821	0.891608318960969	chr14	57699440	57700440	chr14:57699440-57700440	2167.135688	1957.651216	1358.353696	487.231844	636.53116	401.582218	1708.91299	1878.004992	1551.984174
17370	-0.0337893008023197	5.51988079540905	0.053550518438902	0.819618750783343	0.893029625041816	chr5	111413900	111414900	chr5:111413900-111414900	1092.196916	1146.705114	1321.258264	444.721912	424.634364	425.902652	1049.7443	1102.13749	1033.011134
19551	0.060058087379558	4.55620417872892	0.0519039115382475	0.822519593398367	0.894486503899218	chr6	124859480	124860480	chr6:124859480-124860480	712.516698	673.7961	504.492932	182.030684	191.716104	78.299732	622.809256	454.818934	728.70056
3455	0.0652047166590736	4.44180006080798	0.049268910662434	0.827236707734973	0.897444857628514	chr11	88097050	88098050	chr11:88097050-88098050	676.767718	573.353044	550.355792	103.550386	84.926875	121.898469	778.21796	267.866883	683.87616
24016	-0.059152668130618	4.32553581450625	0.0433099003255218	0.837677726746074	0.903746868895878	chr9	56925230	56926230	chr9:56925230-56926230	610.200176	540.06124	475.153946	206.55578	145.468796	117.153026	665.03337	253.511074	511.57067
12407	0.0244305034469869	6.38226144686091	0.0342809220758194	0.855190447060923	0.914689834804475	chr2	101796230	101797230	chr2:101796230-101797230	2353.688866	2343.490976	1943.781106	729.75807	688.664166	478.10237	1980.439546	2061.694474	2133.875152
12340	0.034632573061316	4.60579084665808	0.0326012924437277	0.858741044621629	0.916929099987783	chr2	93177140	93178140	chr2:93177140-93178140	575.272956	624.285802	654.222282	178.760656	275.80209	209.985526	578.239362	569.013436	592.172084
15702	0.0306353515259172	5.562447679458	0.0320217172445191	0.859988104642675	0.917862802381116	chr4	131916080	131917080	chr4:131916080-131917080	1252.45158	1111.991542	1166.13373	513.39208	424.634302	499.456632	1223.333642	796.096332	1290.44163
15085	0.0303398445692782	5.77259574844384	0.0292604206409665	0.866099193336037	0.921143063472416	chr4	102978125	102979125	chr4:102978125-102979125	1429.964657	1411.472266	1313.333789	624.572638	578.722398	352.348573	1089.036294	1485.177124	1304.217606
8307	0.0431741737341712	4.32394671480939	0.0210543676509829	0.88645654666822	0.933133618698973	chr15	101097885	101098885	chr15:101097885-101098885	552.878581	535.650927	462.001942	180.123171	182.256412	133.91024	532.202895	222.189273	716.980371
24414	0.025537264741197	5.13497720056772	0.0203630430597154	0.888120402410437	0.93414277271379	chr9	102260375	102261375	chr9:102260375-102261375	867.635049	874.256613	1022.980218	231.898383	305.02201	289.026617	724.264722	994.304948	857.62091
9577	-0.0241811797870515	5.02545043091248	0.0177577858350013	0.895474464015881	0.939342459890458	chr17	35701750	35702750	chr17:35701750-35702750	778.2625	759.158978	949.296512	255.060932	360.728946	349.382518	698.461416	749.440018	794.497121
20927	0.02671704717301	5.73595330096792	0.0167281822749687	0.898704148817069	0.941496364377003	chr7	112427525	112428525	chr7:112427525-112428525	1703.013047	1558.864886	1165.880793	304.656168	381.11982	203.905512	1482.836893	1015.18597	1634.025157
11938	0.0242275134705651	4.4512812217933	0.0165149911904956	0.899176478105994	0.941639875902877	chr2	33647270	33648270	chr2:33647270-33648270	523.909317	573.922004	615.77794	186.935734	149.673094	185.072109	494.37686	541.60668	560.91843
23455	-0.0382349977850762	4.79197487705162	0.0166187369361379	0.89925990437739	0.941688060464927	chr8	125012500	125013500	chr8:125012500-125013500	829.215398	829.15638	518.656412	305.201036	302.709666	144.142672	709.603678	393.480544	841.37726
4839	0.0143019201425551	6.52121314020979	0.0124190941071153	0.912505675886314	0.949435938668153	chr12	85599010	85600010	chr12:85599010-85600010	2394.368339	2554.335893	2113.743105	878.543588	952.274662	722.78835	2161.652221	1779.145986	2599.7992
19935	0.0211397301107418	5.22909244072913	0.00983917143578603	0.92211747050691	0.954821238017288	chr7	18924925	18925925	chr7:18924925-18925925	1046.175162	1135.892982	787.764158	340.353397	363.251762	176.174283	872.636344	873.422467	1010.187844
22075	0.0231824743127452	4.47689587545686	0.00944201092657809	0.92367017716701	0.955785067167082	chr8	36139280	36140280	chr8:36139280-36140280	657.454938	585.58815	467.397656	165.68056	206.851568	225.408224	543.05226	340.624912	712.25144
3830	-0.0191077025314077	4.39710398017616	0.0081645524589703	0.92900534158982	0.958952361992953	chr11	102438100	102439100	chr11:102438100-102439100	541.578458	562.255854	512.586042	209.280784	211.055906	185.66513	579.412098	332.1419	551.871384
11830	-0.0195882276250559	4.3129505363597	0.00774784133707447	0.930835754560571	0.960290408924663	chr2	30686540	30687540	chr2:30686540-30687540	494.734838	535.5087	480.21248	209.280768	250.576294	137.024524	538.36066	421.539738	402.18324
16034	0.0163669478364993	5.30978520126027	0.00746128309717041	0.932123425985394	0.960988592496882	chr4	140647910	140648910	chr4:140647910-140648910	1151.368556	1104.87856	1054.511078	270.865956	224.089196	145.922256	1130.673501	821.21976	1116.902443
4596	0.0266523696599974	4.58385201795758	0.00728197999144865	0.933203980170834	0.961590558295248	chr12	54984570	54985570	chr12:54984570-54985570	666.90583	835.416006	525.063672	130.8005	52.974192	140.28704	749.48181	407.83648	735.691398
24543	0.0201733049702024	4.45269375297159	0.00721421797040054	0.933253785201626	0.961597806780177	chr9	108824550	108825550	chr9:108824550-108825550	428.9894	532.09416	706.49186	196.200752	187.091362	218.883261	419.89798	680.597441	447.007635
11933	0.0110605837753774	6.08011278919085	0.00626086015067427	0.937809824007954	0.964323056765788	chr2	33628570	33629570	chr2:33628570-33629570	1722.120728	1787.495094	1811.924862	463.251816	537.310042	662.284588	1556.436679	1593.498562	1763.3566
7290	-0.0162635123073658	4.6140782015594	0.00612524892370169	0.938485569420915	0.964730518351123	chr15	27466600	27467600	chr15:27466600-27467600	682.11001	714.770516	638.709398	130.800496	184.989206	123.97451	735.407898	456.124458	653.033844
19936	0.0101442814283995	5.81752490740211	0.00498829767045689	0.944476335378324	0.968260214125747	chr7	18926175	18927175	chr7:18926175-18927175	1471.055022	1340.336976	1487.174489	660.269843	485.38691	480.326762	1375.223449	1251.731237	1337.116095
7912	-0.0107041984734027	4.35343803113201	0.00280492343720203	0.958348639387892	0.976545623674245	chr15	84450100	84451100	chr15:84450100-84451100	518.56759	586.157122	470.76991	189.66068	232.077376	147.701686	451.5663	501.801926	476.204926
6776	0.0091763153879546	5.8776235497352	0.00271218685626046	0.959055915209515	0.976791774437856	chr14	48668600	48669600	chr14:48668600-48669600	1443.935664	1446.044362	1608.57675	468.70132	461.63249	724.86515	1203.394452	1546.51557	1394.071202
6878	0.0100913918977643	4.12992888478055	0.00113608083915546	0.973506882132028	0.985527902678024	chr14	57745285	57746285	chr14:57745285-57746285	539.318266	559.979343	400.963817	85.020296	80.72258	47.157793	390.57532	694.463945	286.216357
20673	0.00613442352422261	5.25694832786268	0.000805017070641511	0.977691484711481	0.987500179730457	chr7	80586800	80587800	chr7:80586800-80587800	1117.673	953.78648	929.39996	297.571052	443.133102	223.03559	904.305	698.868354	1162.959848
15272	0.00559205425515642	4.66677187240264	0.000486185374477626	0.982664577415702	0.99041665661444	chr4	117317590	117318590	chr4:117317590-117318590	800.862682	626.562502	711.213586	116.630408	134.958043	130.202977	717.813898	348.129163	910.464576
12658	0.00272899053949938	4.41609120751192	0.000114302356200497	0.991590516387221	0.995466543295041	chr2	130293150	130294150	chr2:130293150-130294150	585.546418	554.288636	538.552878	166.225582	174.058022	182.995834	588.20883	268.519529	690.45611
